BAD_LATERAL_RAISE,0.5049,8.1123,-4.5709,3.5627,5.0034,0.7077,1.1683,7.3490,-4.4100,3.5659,5.0034,0.2190,1.7354,6.4499,-4.5924,3.5340,5.0034,-0.3595,2.2816,5.6447,-4.8999,3.4315,5.0034,-0.8990,2.7266,4.8832,-5.2451,3.2196,5.0034,-1.4358,3.6048,4.1719,-4.6522,2.9135,5.0034,-1.9558,5.9474,4.0421,-3.9266,2.5850,5.0034,-2.2437,8.4562,3.8429,-4.1575,2.2300,5.0034,-2.1069,8.4658,3.6778,-3.8279,1.9235,5.0034,-2.0392,7.7892,3.2859,-2.3109,1.5151,5.0034,-2.0757,7.5529,3.3003,-1.2431,1.0091,5.0034,-2.0678,7.2054,3.8369,-1.1515,0.5712,4.6855,-1.9529,6.2758,4.5153,-0.6185,0.2782,2.7999,-1.7614,6.2758,4.5153,-0.6185,0.2782,2.7999,-1.7614,6.2758,4.5153,-0.6185,0.2782,2.7999,-1.7614,6.2758,4.5153,-0.6185,0.2782,2.7999,-1.7614,6.2758,4.5153,-0.6185,0.2782,2.7999,-1.7614,6.2758,4.5153,-0.6185,0.2782,2.7999,-1.7614,6.2758,4.5153,-0.6185,0.2782,2.7999,-1.7614,6.2758,4.5153,-0.6185,0.2782,2.7999,-1.7614,6.2758,4.5153,-0.6185,0.2782,2.7999,-1.7614,6.2758,4.5153,-0.6185,0.2782,2.7999,-1.7614,6.2758,4.5153,-0.6185,0.2782,2.7999,-1.7614,6.2758,4.5153,-0.6185,0.2782,2.7999,-1.7614,6.2758,4.5153,-0.6185,0.2782,2.7999,-1.7614,6.2758,4.5153,-0.6185,0.2782,2.7999,-1.7614,6.2758,4.5153,-0.6185,0.2782,2.7999,-1.7614,6.2758,4.5153,-0.6185,0.2782,2.7999,-1.7614,6.2758,4.5153,-0.6185,0.2782,2.7999,-1.7614,6.2758,4.5153,-0.6185,0.2782,2.7999,-1.7614,6.2758,4.5153,-0.6185,0.2782,2.7999,-1.7614,6.2758,4.5153,-0.6185,0.2782,2.7999,-1.7614,6.2758,4.5153,-0.6185,0.2782,2.7999,-1.7614,6.2758,4.5153,-0.6185,0.2782,2.7999,-1.7614,6.2758,4.5153,-0.6185,0.2782,2.7999,-1.7614,6.2758,4.5153,-0.6185,0.2782,2.7999,-1.7614,6.2758,4.5153,-0.6185,0.2782,2.7999,-1.7614,6.2758,4.5153,-0.6185,0.2782,2.7999,-1.7614,6.2758,4.5153,-0.6185,0.2782,2.7999,-1.7614,6.2758,4.5153,-0.6185,0.2782,2.7999,-1.7614,6.2758,4.5153,-0.6185,0.2782,2.7999,-1.7614,6.2758,4.5153,-0.6185,0.2782,2.7999,-1.7614,6.2758,4.5153,-0.6185,0.2782,2.7999,-1.7614,6.2758,4.5153,-0.6185,0.2782,2.7999,-1.7614,6.2758,4.5153,-0.6185,0.2782,2.7999,-1.7614,6.2758,4.5153,-0.6185,0.2782,2.7999,-1.7614,6.2758,4.5153,-0.6185,0.2782,2.7999,-1.7614,6.2758,4.5153,-0.6185,0.2782,2.7999,-1.7614,6.2758,4.5153,-0.6185,0.2782,2.7999,-1.7614,6.2758,4.5153,-0.6185,0.2782,2.7999,-1.7614
BAD_LATERAL_RAISE,1.5547,6.4953,0.8865,1.1721,-0.7259,-1.6044,0.9254,6.4301,0.4008,1.0487,-0.8016,-1.4241,0.6329,6.2183,0.0885,0.9421,-0.7746,-1.2998,0.5372,5.9444,0.0945,0.8577,-0.6762,-1.2205,0.4391,5.5364,0.2399,0.8163,-0.5406,-1.2039,0.2638,4.9280,0.2782,0.7769,-0.4074,-1.1994,0.0054,4.5643,0.3517,0.7318,-0.2611,-1.1918,-0.2315,4.1318,0.3404,0.6892,-0.0773,-1.1907,-0.4325,3.6054,0.2303,0.6199,0.1353,-1.1959,-0.5773,3.0090,0.0377,0.5171,0.4076,-1.1976,-0.5856,2.3922,-0.0215,0.3786,0.7315,-1.1904,-0.4863,1.9065,-0.1609,0.1947,1.1367,-1.1739,-0.2261,1.4518,-0.2255,-0.0539,1.5652,-1.1464,0.1298,1.1324,-0.1155,-0.3198,2.0470,-1.1124,0.5384,1.0451,0.0592,-0.6106,2.5569,-1.0539,1.1725,1.1719,0.2590,-0.8948,2.9946,-0.9526,1.9346,1.5470,0.3523,-1.1364,2.9627,-0.8118,2.6859,2.0644,0.3051,-1.2992,2.5039,-0.6069,3.2566,2.5765,0.5474,-1.4192,1.9325,-0.3668,3.6413,2.9509,0.8620,-1.4824,1.5021,-0.1069,3.7005,3.1394,0.9571,-1.5441,1.3295,0.0829,3.5384,3.3781,0.8495,-1.6345,1.1525,0.2714,3.2279,3.7525,0.8471,-1.7436,0.9201,0.4972,2.8205,4.3190,0.9960,-1.8619,0.7277,0.7605,2.4000,4.7384,1.2114,-1.9635,0.7014,0.9696,2.4000,4.7384,1.2114,-1.9635,0.7014,0.9696,2.4000,4.7384,1.2114,-1.9635,0.7014,0.9696,2.4000,4.7384,1.2114,-1.9635,0.7014,0.9696,2.4000,4.7384,1.2114,-1.9635,0.7014,0.9696,2.4000,4.7384,1.2114,-1.9635,0.7014,0.9696,2.4000,4.7384,1.2114,-1.9635,0.7014,0.9696,2.4000,4.7384,1.2114,-1.9635,0.7014,0.9696,2.4000,4.7384,1.2114,-1.9635,0.7014,0.9696,2.4000,4.7384,1.2114,-1.9635,0.7014,0.9696,2.4000,4.7384,1.2114,-1.9635,0.7014,0.9696,2.4000,4.7384,1.2114,-1.9635,0.7014,0.9696,2.4000,4.7384,1.2114,-1.9635,0.7014,0.9696,2.4000,4.7384,1.2114,-1.9635,0.7014,0.9696,2.4000,4.7384,1.2114,-1.9635,0.7014,0.9696,2.4000,4.7384,1.2114,-1.9635,0.7014,0.9696,2.4000,4.7384,1.2114,-1.9635,0.7014,0.9696,2.4000,4.7384,1.2114,-1.9635,0.7014,0.9696,2.4000,4.7384,1.2114,-1.9635,0.7014,0.9696,2.4000,4.7384,1.2114,-1.9635,0.7014,0.9696,2.4000,4.7384,1.2114,-1.9635,0.7014,0.9696,2.4000,4.7384,1.2114,-1.9635,0.7014,0.9696,2.4000,4.7384,1.2114,-1.9635,0.7014,0.9696,2.4000,4.7384,1.2114,-1.9635,0.7014,0.9696,2.4000,4.7384,1.2114,-1.9635,0.7014,0.9696,2.4000,4.7384,1.2114,-1.9635,0.7014,0.9696
BAD_LATERAL_RAISE,-0.4397,10.5135,-0.3948,3.7860,4.9295,0.3606,-0.2399,9.5569,-1.1725,3.7735,5.0034,0.1880,-0.0036,8.9647,-2.0518,3.7507,5.0034,-0.0269,0.3434,8.2355,-2.9336,3.7214,5.0034,-0.2466,0.8195,7.4901,-3.7047,3.6508,5.0034,-0.4869,1.3693,6.8710,-4.4070,3.5670,5.0034,-0.7708,1.8096,5.9545,-5.3360,3.4465,5.0034,-1.1122,2.0865,5.0357,-6.3476,3.2432,5.0034,-1.4369,2.3904,4.0720,-6.9093,2.9366,5.0034,-1.7573,2.6806,3.2130,-6.7149,2.6276,5.0034,-2.0449,3.1926,2.4257,-6.1011,2.2848,5.0034,-2.2648,3.8656,1.8802,-5.5896,1.8960,5.0034,-2.3749,4.5643,1.5876,-4.9519,1.3726,5.0034,-2.4117,5.2134,1.7109,-4.1779,0.8296,5.0034,-2.3874,5.7296,2.3767,-3.2656,0.2752,5.0034,-2.2985,6.1244,3.4756,-2.6542,-0.2025,5.0031,-2.1444,5.9019,4.4548,-2.2834,-0.5499,4.2220,-1.9458,5.4843,5.2152,-1.7916,-0.7347,3.2060,-1.6982,5.4843,5.2152,-1.7916,-0.7347,3.2060,-1.6982,5.4843,5.2152,-1.7916,-0.7347,3.2060,-1.6982,5.4843,5.2152,-1.7916,-0.7347,3.2060,-1.6982,5.4843,5.2152,-1.7916,-0.7347,3.2060,-1.6982,5.4843,5.2152,-1.7916,-0.7347,3.2060,-1.6982,5.4843,5.2152,-1.7916,-0.7347,3.2060,-1.6982,5.4843,5.2152,-1.7916,-0.7347,3.2060,-1.6982,5.4843,5.2152,-1.7916,-0.7347,3.2060,-1.6982,5.4843,5.2152,-1.7916,-0.7347,3.2060,-1.6982,5.4843,5.2152,-1.7916,-0.7347,3.2060,-1.6982,5.4843,5.2152,-1.7916,-0.7347,3.2060,-1.6982,5.4843,5.2152,-1.7916,-0.7347,3.2060,-1.6982,5.4843,5.2152,-1.7916,-0.7347,3.2060,-1.6982,5.4843,5.2152,-1.7916,-0.7347,3.2060,-1.6982,5.4843,5.2152,-1.7916,-0.7347,3.2060,-1.6982,5.4843,5.2152,-1.7916,-0.7347,3.2060,-1.6982,5.4843,5.2152,-1.7916,-0.7347,3.2060,-1.6982,5.4843,5.2152,-1.7916,-0.7347,3.2060,-1.6982,5.4843,5.2152,-1.7916,-0.7347,3.2060,-1.6982,5.4843,5.2152,-1.7916,-0.7347,3.2060,-1.6982,5.4843,5.2152,-1.7916,-0.7347,3.2060,-1.6982,5.4843,5.2152,-1.7916,-0.7347,3.2060,-1.6982,5.4843,5.2152,-1.7916,-0.7347,3.2060,-1.6982,5.4843,5.2152,-1.7916,-0.7347,3.2060,-1.6982,5.4843,5.2152,-1.7916,-0.7347,3.2060,-1.6982,5.4843,5.2152,-1.7916,-0.7347,3.2060,-1.6982,5.4843,5.2152,-1.7916,-0.7347,3.2060,-1.6982,5.4843,5.2152,-1.7916,-0.7347,3.2060,-1.6982,5.4843,5.2152,-1.7916,-0.7347,3.2060,-1.6982,5.4843,5.2152,-1.7916,-0.7347,3.2060,-1.6982,5.4843,5.2152,-1.7916,-0.7347,3.2060,-1.6982,5.4843,5.2152,-1.7916,-0.7347,3.2060,-1.6982
BAD_LATERAL_RAISE,-1.8461,13.7635,-2.2528,3.0320,4.4395,1.9531,-1.7055,12.9607,-1.1169,3.4314,5.0034,1.2746,-1.6564,11.7368,-2.1793,3.8875,5.0034,0.6545,-1.3543,10.0493,-3.2877,4.1789,5.0034,0.0131,-0.9494,8.5813,-3.1460,4.2750,5.0034,-0.5707,-0.2626,7.3585,-2.8080,4.2528,5.0034,-1.1362,0.6072,6.1268,-3.0832,4.1398,5.0034,-1.7885,1.2808,5.1434,-3.5061,3.9207,5.0034,-2.3954,1.9083,4.2431,-4.0959,3.5441,5.0034,-3.0013,2.3192,3.4786,-4.6600,3.0727,5.0034,-3.5710,2.5842,2.8612,-5.2463,2.4856,5.0034,-4.1206,4.3777,3.2291,-3.2225,2.0027,5.0034,-4.4465,8.9192,5.4377,-1.2538,1.7822,5.0034,-4.1317,8.9192,5.4377,-1.2538,1.7822,5.0034,-4.1317,8.9192,5.4377,-1.2538,1.7822,5.0034,-4.1317,8.9192,5.4377,-1.2538,1.7822,5.0034,-4.1317,8.9192,5.4377,-1.2538,1.7822,5.0034,-4.1317,8.9192,5.4377,-1.2538,1.7822,5.0034,-4.1317,8.9192,5.4377,-1.2538,1.7822,5.0034,-4.1317,8.9192,5.4377,-1.2538,1.7822,5.0034,-4.1317,8.9192,5.4377,-1.2538,1.7822,5.0034,-4.1317,8.9192,5.4377,-1.2538,1.7822,5.0034,-4.1317,8.9192,5.4377,-1.2538,1.7822,5.0034,-4.1317,8.9192,5.4377,-1.2538,1.7822,5.0034,-4.1317,8.9192,5.4377,-1.2538,1.7822,5.0034,-4.1317,8.9192,5.4377,-1.2538,1.7822,5.0034,-4.1317,8.9192,5.4377,-1.2538,1.7822,5.0034,-4.1317,8.9192,5.4377,-1.2538,1.7822,5.0034,-4.1317,8.9192,5.4377,-1.2538,1.7822,5.0034,-4.1317,8.9192,5.4377,-1.2538,1.7822,5.0034,-4.1317,8.9192,5.4377,-1.2538,1.7822,5.0034,-4.1317,8.9192,5.4377,-1.2538,1.7822,5.0034,-4.1317,8.9192,5.4377,-1.2538,1.7822,5.0034,-4.1317,8.9192,5.4377,-1.2538,1.7822,5.0034,-4.1317,8.9192,5.4377,-1.2538,1.7822,5.0034,-4.1317,8.9192,5.4377,-1.2538,1.7822,5.0034,-4.1317,8.9192,5.4377,-1.2538,1.7822,5.0034,-4.1317,8.9192,5.4377,-1.2538,1.7822,5.0034,-4.1317,8.9192,5.4377,-1.2538,1.7822,5.0034,-4.1317,8.9192,5.4377,-1.2538,1.7822,5.0034,-4.1317,8.9192,5.4377,-1.2538,1.7822,5.0034,-4.1317,8.9192,5.4377,-1.2538,1.7822,5.0034,-4.1317,8.9192,5.4377,-1.2538,1.7822,5.0034,-4.1317,8.9192,5.4377,-1.2538,1.7822,5.0034,-4.1317,8.9192,5.4377,-1.2538,1.7822,5.0034,-4.1317,8.9192,5.4377,-1.2538,1.7822,5.0034,-4.1317,8.9192,5.4377,-1.2538,1.7822,5.0034,-4.1317,8.9192,5.4377,-1.2538,1.7822,5.0034,-4.1317,8.9192,5.4377,-1.2538,1.7822,5.0034,-4.1317,8.9192,5.4377,-1.2538,1.7822,5.0034,-4.1317
BAD_LATERAL_RAISE,4.7276,3.8339,-3.0156,1.0858,5.0010,-3.8271,4.2371,4.3178,-2.4520,0.3671,3.9019,-3.5545,3.6353,4.9956,-1.4471,-0.0959,3.0746,-3.2808,3.0820,5.6034,-0.7005,-0.3922,2.7200,-3.0317,2.7517,5.9749,-0.3751,-0.4960,2.5284,-2.7814,2.6680,5.9761,-0.4044,-0.4389,2.1473,-2.5604,2.7045,5.6309,-0.3009,-0.2799,1.6460,-2.3382,2.7799,5.0004,-0.2381,-0.1478,1.1532,-2.1075,2.8732,4.2197,0.0042,-0.0823,0.7579,-1.8754,3.0185,3.3284,0.1077,-0.1165,0.3651,-1.6052,3.1759,2.6195,0.2638,-0.2275,-0.0631,-1.3476,3.1717,2.0919,0.3272,-0.3575,-0.5434,-1.0831,2.9456,1.6146,0.3517,-0.4950,-0.9759,-0.7862,2.4843,1.2455,0.2393,-0.6220,-1.2776,-0.4389,2.2893,1.0792,0.2297,-0.7637,-1.4221,-0.1723,1.9986,1.0217,0.3703,-0.9436,-1.4074,0.0374,1.7139,1.2754,1.0134,-1.0934,-1.2500,0.2097,1.5045,1.7127,1.7653,-1.1515,-0.9152,0.4236,1.4572,2.1823,2.0160,-1.1452,-0.3716,0.5893,1.4985,2.4658,2.1661,-1.1113,0.1604,0.7929,1.6122,2.5502,2.2409,-1.0452,0.6336,1.0131,1.7480,2.4144,1.8646,-0.9785,1.0148,1.2857,1.9603,2.1051,1.2760,-0.9467,1.3824,1.6606,2.4730,1.9723,1.1868,-0.9781,1.7828,2.0038,3.4098,2.0626,1.7426,-1.0411,2.1533,2.3275,4.6457,2.3515,2.0261,-1.0843,2.5288,2.6099,6.1286,2.9641,2.5077,-1.1194,2.8329,2.8958,7.9059,3.6305,2.9868,-1.0959,2.9848,3.1256,9.3595,4.2425,2.7930,-0.9916,2.9202,3.3527,10.5894,4.7527,1.9400,-0.8638,2.7301,3.5481,10.5894,4.7527,1.9400,-0.8638,2.7301,3.5481,10.5894,4.7527,1.9400,-0.8638,2.7301,3.5481,10.5894,4.7527,1.9400,-0.8638,2.7301,3.5481,10.5894,4.7527,1.9400,-0.8638,2.7301,3.5481,10.5894,4.7527,1.9400,-0.8638,2.7301,3.5481,10.5894,4.7527,1.9400,-0.8638,2.7301,3.5481,10.5894,4.7527,1.9400,-0.8638,2.7301,3.5481,10.5894,4.7527,1.9400,-0.8638,2.7301,3.5481,10.5894,4.7527,1.9400,-0.8638,2.7301,3.5481,10.5894,4.7527,1.9400,-0.8638,2.7301,3.5481,10.5894,4.7527,1.9400,-0.8638,2.7301,3.5481,10.5894,4.7527,1.9400,-0.8638,2.7301,3.5481,10.5894,4.7527,1.9400,-0.8638,2.7301,3.5481,10.5894,4.7527,1.9400,-0.8638,2.7301,3.5481,10.5894,4.7527,1.9400,-0.8638,2.7301,3.5481,10.5894,4.7527,1.9400,-0.8638,2.7301,3.5481,10.5894,4.7527,1.9400,-0.8638,2.7301,3.5481,10.5894,4.7527,1.9400,-0.8638,2.7301,3.5481,10.5894,4.7527,1.9400,-0.8638,2.7301,3.5481,10.5894,4.7527,1.9400,-0.8638,2.7301,3.5481
BAD_LATERAL_RAISE,1.2173,8.5645,-1.8203,3.5862,5.0034,0.9525,2.0022,8.6411,-1.4303,3.7976,5.0034,0.5179,2.6877,8.2331,-2.6776,3.9893,5.0034,0.1060,3.3625,7.3597,-3.3075,3.9576,5.0034,-0.2912,4.1492,6.6790,-2.7033,3.7864,5.0034,-0.5719,4.6373,5.8540,-2.2289,3.5198,5.0034,-0.8209,4.9394,5.0022,-2.0674,3.2617,5.0034,-1.0505,5.0267,4.3035,-2.2128,3.0229,5.0034,-1.2472,4.9370,3.6790,-2.6530,2.7842,5.0034,-1.3954,4.8419,3.2291,-2.5071,2.4740,5.0034,-1.4513,4.8532,2.9240,-1.7013,2.1875,5.0034,-1.4729,4.7049,2.6441,-1.2425,1.8723,4.8574,-1.4815,4.5906,2.4251,-1.2664,1.5635,4.5261,-1.4749,4.4172,2.3240,-1.2120,1.2565,4.1264,-1.4523,4.1151,2.2475,-1.1509,0.9559,3.6076,-1.3751,3.7783,2.1721,-1.1342,0.6920,2.9658,-1.2469,3.3547,2.2074,-0.9380,0.4377,2.3784,-1.0922,2.8744,2.3659,-0.8142,0.1720,1.9332,-0.8764,2.6608,2.6076,-0.6808,-0.1526,1.7327,-0.6822,2.5747,2.8164,-0.4439,-0.3923,1.5806,-0.5011,2.6088,3.0000,-0.0150,-0.5822,1.3812,-0.3218,2.7452,3.1089,0.0861,-0.6892,1.1067,-0.1226,2.9264,3.1077,0.1501,-0.7424,0.7773,0.0657,3.1723,3.0054,0.0048,-0.7804,0.5588,0.2660,3.4690,2.8798,-0.0233,-0.8468,0.4242,0.4566,3.7334,2.8307,-0.0305,-0.9539,0.3143,0.6611,3.8052,2.9557,0.0323,-1.0970,0.2082,0.7863,3.7262,3.2171,0.1214,-1.2711,0.1063,0.9410,3.6006,3.5689,0.0646,-1.4201,0.1040,1.1238,3.5492,3.9966,-0.1346,-1.5707,0.2053,1.3120,3.6030,4.5440,-0.5342,-1.7090,0.3713,1.5224,3.6030,4.5440,-0.5342,-1.7090,0.3713,1.5224,3.6030,4.5440,-0.5342,-1.7090,0.3713,1.5224,3.6030,4.5440,-0.5342,-1.7090,0.3713,1.5224,3.6030,4.5440,-0.5342,-1.7090,0.3713,1.5224,3.6030,4.5440,-0.5342,-1.7090,0.3713,1.5224,3.6030,4.5440,-0.5342,-1.7090,0.3713,1.5224,3.6030,4.5440,-0.5342,-1.7090,0.3713,1.5224,3.6030,4.5440,-0.5342,-1.7090,0.3713,1.5224,3.6030,4.5440,-0.5342,-1.7090,0.3713,1.5224,3.6030,4.5440,-0.5342,-1.7090,0.3713,1.5224,3.6030,4.5440,-0.5342,-1.7090,0.3713,1.5224,3.6030,4.5440,-0.5342,-1.7090,0.3713,1.5224,3.6030,4.5440,-0.5342,-1.7090,0.3713,1.5224,3.6030,4.5440,-0.5342,-1.7090,0.3713,1.5224,3.6030,4.5440,-0.5342,-1.7090,0.3713,1.5224,3.6030,4.5440,-0.5342,-1.7090,0.3713,1.5224,3.6030,4.5440,-0.5342,-1.7090,0.3713,1.5224,3.6030,4.5440,-0.5342,-1.7090,0.3713,1.5224,3.6030,4.5440,-0.5342,-1.7090,0.3713,1.5224
BAD_LATERAL_RAISE,-4.6505,12.7286,-1.5685,4.2577,5.0034,2.7051,-2.8319,12.6281,-2.5394,4.6143,5.0034,2.2907,-1.2102,12.1531,-4.3065,4.8857,5.0034,1.8060,0.1699,11.3438,-5.9103,5.0016,5.0034,1.2251,1.0810,10.1145,-6.8387,5.0034,5.0034,0.5012,1.6863,8.6453,-7.6983,5.0034,5.0034,-0.2082,1.8395,7.0385,-8.5795,5.0034,5.0034,-0.9537,1.8544,5.4879,-8.9761,5.0034,5.0034,-1.6855,1.9567,3.9984,-8.9282,5.0034,5.0034,-2.4427,3.1418,2.8983,-6.8614,4.9891,5.0034,-3.0082,6.0179,3.1101,-7.1079,4.8425,5.0034,-3.1431,7.8090,2.1505,-7.3693,4.3894,5.0034,-2.8194,7.3214,1.4016,-6.0640,3.9770,5.0034,-2.5528,6.7723,0.7872,-4.0570,3.4106,5.0034,-2.2828,7.0170,0.5809,-3.8991,2.6508,5.0034,-1.9879,7.4518,0.8369,-4.1240,2.0181,4.9595,-1.6690,7.0122,1.3424,-2.8014,1.5646,3.0818,-1.3271,6.2148,1.9513,-1.0116,1.3315,2.2778,-0.9650,5.4784,2.2008,-0.4181,1.2196,2.2136,-0.6857,5.1021,2.1607,-0.6024,1.1371,1.9612,-0.4114,4.9352,1.9328,-0.4110,1.0293,1.2014,-0.0965,4.7444,1.5535,0.1944,0.8664,0.3512,0.2642,4.3490,1.4812,0.5827,0.6874,-0.1703,0.5231,3.9823,1.3741,0.5623,0.4369,-0.2802,0.7506,3.5031,1.4100,0.5551,0.2359,-0.3474,0.9633,2.8917,1.5087,0.5509,0.0400,-0.5231,1.2083,2.1876,1.5990,0.2572,-0.1254,-0.7063,1.5116,1.9023,1.6995,0.0419,-0.2824,-0.7026,1.7755,1.7862,1.8048,0.0772,-0.4930,-0.4658,1.9981,1.9597,2.0716,0.2321,-0.6642,-0.0463,2.1860,2.4604,2.4867,0.3757,-0.8086,0.4635,2.3627,3.5504,3.2542,0.7496,-0.9166,0.9325,2.5501,4.7527,4.0720,1.0253,-1.0011,1.1310,2.7092,5.9480,4.8832,0.8459,-1.0209,1.1561,2.8740,5.9480,4.8832,0.8459,-1.0209,1.1561,2.8740,5.9480,4.8832,0.8459,-1.0209,1.1561,2.8740,5.9480,4.8832,0.8459,-1.0209,1.1561,2.8740,5.9480,4.8832,0.8459,-1.0209,1.1561,2.8740,5.9480,4.8832,0.8459,-1.0209,1.1561,2.8740,5.9480,4.8832,0.8459,-1.0209,1.1561,2.8740,5.9480,4.8832,0.8459,-1.0209,1.1561,2.8740,5.9480,4.8832,0.8459,-1.0209,1.1561,2.8740,5.9480,4.8832,0.8459,-1.0209,1.1561,2.8740,5.9480,4.8832,0.8459,-1.0209,1.1561,2.8740,5.9480,4.8832,0.8459,-1.0209,1.1561,2.8740,5.9480,4.8832,0.8459,-1.0209,1.1561,2.8740,5.9480,4.8832,0.8459,-1.0209,1.1561,2.8740,5.9480,4.8832,0.8459,-1.0209,1.1561,2.8740,5.9480,4.8832,0.8459,-1.0209,1.1561,2.8740,5.9480,4.8832,0.8459,-1.0209,1.1561,2.8740
BAD_LATERAL_RAISE,-2.9683,10.4530,3.1340,4.2153,1.6087,1.5437,-2.5167,10.3292,2.7254,4.4460,2.1875,1.5605,-1.9633,9.9960,1.9723,4.6908,2.8306,1.4870,-1.3741,9.1202,0.8459,4.8550,3.5255,1.3155,-0.8853,8.1601,-0.2824,4.9337,4.3636,1.0298,-0.4648,7.0205,-1.4285,4.9489,5.0034,0.7451,-0.1597,5.7930,-2.6207,4.9222,5.0034,0.4371,0.0586,4.6977,-3.1801,4.8237,5.0034,0.1359,0.3846,3.5527,-3.1687,4.6366,5.0034,-0.1625,0.9045,2.6847,-2.9994,4.4085,5.0034,-0.4325,1.5320,1.8981,-2.8941,4.1462,5.0034,-0.7169,2.2911,1.0959,-3.0664,3.9172,5.0034,-1.0310,2.9671,0.1304,-3.2572,3.6739,5.0034,-1.3990,4.7204,-0.2166,-3.5157,3.5051,5.0034,-1.6953,6.7280,-0.5886,-4.4536,3.1049,5.0034,-1.7663,7.9340,-0.8393,-4.7438,2.7142,5.0034,-1.7051,8.5173,-0.9302,-3.8919,2.3385,5.0034,-1.6548,9.2195,-0.8213,-3.0748,1.9488,5.0034,-1.6440,9.9021,-0.6485,-2.8893,1.5678,5.0034,-1.6351,9.9607,-0.4822,-2.5298,1.3567,4.7325,-1.5078,9.1657,-0.3260,-1.7067,1.2740,2.9960,-1.2191,7.6582,-0.3805,-1.1509,1.2326,2.0385,-0.8493,6.6299,-0.6156,-1.1946,1.1558,1.5803,-0.5295,5.6824,-0.7992,-1.5434,0.9795,1.1642,-0.2334,4.9077,-0.8207,-1.4279,0.7647,0.6374,0.0484,4.2867,-0.5503,-0.9398,0.5339,0.1668,0.3161,3.7777,-0.0431,-0.4923,0.3332,-0.0794,0.5930,3.4857,0.4493,-0.3428,0.1677,-0.1110,0.8143,3.2818,0.9404,-0.4164,0.0580,-0.1078,1.0014,3.0269,1.2987,-0.6048,-0.0176,-0.1646,1.1851,2.6040,1.5721,-1.0277,-0.0849,-0.2373,1.3926,2.6112,1.7169,-1.4201,-0.1568,-0.2184,1.5934,2.7284,1.8036,-1.4758,-0.2569,-0.0212,1.7729,3.1747,1.9053,-1.2502,-0.3514,0.3658,1.8891,3.7609,2.0608,-0.7125,-0.4412,0.8613,1.9929,4.7270,2.3868,-0.6508,-0.5093,1.3192,2.0714,5.5424,2.7063,-0.8752,-0.5941,1.4366,2.1408,6.1986,3.1549,-1.1515,-0.6697,1.2874,2.2400,6.5922,3.7938,-1.2443,-0.7504,1.0336,2.3607,6.7388,4.2150,-1.3089,-0.7969,0.7937,2.5131,6.7914,4.6469,-1.3783,-0.7998,0.6765,2.6495,6.7914,4.6469,-1.3783,-0.7998,0.6765,2.6495,6.7914,4.6469,-1.3783,-0.7998,0.6765,2.6495,6.7914,4.6469,-1.3783,-0.7998,0.6765,2.6495,6.7914,4.6469,-1.3783,-0.7998,0.6765,2.6495,6.7914,4.6469,-1.3783,-0.7998,0.6765,2.6495,6.7914,4.6469,-1.3783,-0.7998,0.6765,2.6495,6.7914,4.6469,-1.3783,-0.7998,0.6765,2.6495,6.7914,4.6469,-1.3783,-0.7998,0.6765,2.6495,6.7914,4.6469,-1.3783,-0.7998,0.6765,2.6495
BAD_LATERAL_RAISE,-1.5559,11.5747,-2.3844,4.9697,3.5288,2.0672,-1.0941,11.3922,-3.4134,4.9938,4.1424,1.9699,-0.4786,10.7521,-3.9517,5.0034,4.8781,1.7303,0.1819,10.0600,-4.4195,5.0034,5.0034,1.4059,0.6281,9.1525,-4.5805,5.0034,5.0034,0.9957,0.8889,8.0859,-4.4423,5.0034,5.0034,0.5594,1.1264,6.8183,-4.6965,5.0034,5.0034,0.1396,1.5386,5.2840,-4.9926,5.0034,5.0034,-0.3267,2.5346,3.9452,-4.7240,5.0034,5.0034,-0.7292,3.9500,2.9539,-4.6923,5.0034,5.0034,-1.0741,5.8325,2.0949,-4.8670,4.9689,5.0034,-1.2683,7.8359,0.9284,-4.6008,4.5172,5.0034,-1.2798,9.1484,0.1938,-4.2544,3.8810,5.0034,-1.2129,9.5091,-0.1561,-3.6712,3.2112,5.0034,-1.1018,9.5001,-0.0957,-3.0538,2.6706,4.8101,-0.9006,8.8618,0.4516,-2.5460,2.2402,3.4740,-0.6045,7.4237,0.7418,-2.0321,1.8934,2.2009,-0.4064,5.8068,1.0026,-1.5637,1.5505,1.6918,-0.2569,4.3496,1.1121,-1.3334,1.3091,1.5530,-0.0973,3.2459,1.1354,-1.1659,1.0730,1.5351,0.0822,2.5190,1.2347,-0.9296,0.8219,1.5233,0.2793,1.9759,1.4237,-0.6000,0.5576,1.5685,0.4487,1.6798,1.7856,-0.2943,0.2359,1.7022,0.6416,1.6594,2.2995,-0.1083,-0.0266,1.9126,0.8580,1.8162,2.9294,0.1071,-0.2651,2.1481,1.1106,2.1673,3.3505,0.0778,-0.4439,2.3918,1.2562,2.1954,3.9015,0.3870,-0.5669,2.5583,1.5059,2.7141,4.3555,0.2841,-0.5991,2.6136,1.8673,3.5264,4.6899,0.1184,-0.6461,2.5111,2.1693,3.5264,4.6899,0.1184,-0.6461,2.5111,2.1693,3.5264,4.6899,0.1184,-0.6461,2.5111,2.1693,3.5264,4.6899,0.1184,-0.6461,2.5111,2.1693,3.5264,4.6899,0.1184,-0.6461,2.5111,2.1693,3.5264,4.6899,0.1184,-0.6461,2.5111,2.1693,3.5264,4.6899,0.1184,-0.6461,2.5111,2.1693,3.5264,4.6899,0.1184,-0.6461,2.5111,2.1693,3.5264,4.6899,0.1184,-0.6461,2.5111,2.1693,3.5264,4.6899,0.1184,-0.6461,2.5111,2.1693,3.5264,4.6899,0.1184,-0.6461,2.5111,2.1693,3.5264,4.6899,0.1184,-0.6461,2.5111,2.1693,3.5264,4.6899,0.1184,-0.6461,2.5111,2.1693,3.5264,4.6899,0.1184,-0.6461,2.5111,2.1693,3.5264,4.6899,0.1184,-0.6461,2.5111,2.1693,3.5264,4.6899,0.1184,-0.6461,2.5111,2.1693,3.5264,4.6899,0.1184,-0.6461,2.5111,2.1693,3.5264,4.6899,0.1184,-0.6461,2.5111,2.1693,3.5264,4.6899,0.1184,-0.6461,2.5111,2.1693,3.5264,4.6899,0.1184,-0.6461,2.5111,2.1693,3.5264,4.6899,0.1184,-0.6461,2.5111,2.1693,3.5264,4.6899,0.1184,-0.6461,2.5111,2.1693
BAD_LATERAL_RAISE,4.4830,6.8231,0.0173,4.1368,1.8295,-1.1768,4.1342,6.9655,-0.0395,3.9120,1.8893,-1.0796,4.0911,6.8865,0.0592,3.8149,1.8460,-1.0137,4.1324,6.7238,0.7436,3.7750,1.8198,-1.0411,3.9500,6.3434,1.4489,3.7840,2.0017,-1.1327,3.6437,5.8355,1.3555,3.7583,2.3781,-1.2234,3.5115,5.1972,0.7406,3.7023,2.8439,-1.3158,3.6604,4.5595,-0.0508,3.5803,3.2078,-1.3911,3.9272,3.6670,-0.6365,3.3796,3.3480,-1.4522,4.2556,2.9109,-0.9799,3.0725,3.2884,-1.4728,4.5613,2.1637,-1.0253,2.7929,3.1479,-1.4620,4.9460,1.6558,-0.3105,2.4684,2.9540,-1.4169,5.4969,1.3902,0.2560,2.1400,2.6956,-1.3447,5.4891,1.3854,0.3188,1.8320,2.3274,-1.2721,5.3886,1.6110,0.5426,1.5094,1.8963,-1.1495,5.1147,1.9346,0.9027,1.2903,1.3764,-0.9922,4.6606,2.2062,1.0696,1.1377,0.8969,-0.8199,3.9667,2.2810,1.0193,1.0172,0.5544,-0.6396,3.3571,2.2152,0.8112,0.9056,0.3995,-0.4838,2.8576,2.0297,0.5659,0.7964,0.3290,-0.3312,2.4550,1.8467,0.5282,0.6617,0.2979,-0.1787,2.1398,1.7151,0.6413,0.5169,0.3502,-0.0147,1.9418,1.7079,0.8871,0.3864,0.4081,0.1318,1.8796,1.8060,0.9398,0.2659,0.5835,0.2668,1.9047,1.8718,0.6293,0.1767,0.8227,0.3963,1.9382,1.8562,0.2871,0.0874,1.0785,0.5351,2.0309,1.8144,-0.2010,-0.0099,1.3184,0.6573,2.1141,1.8090,-0.6078,-0.1403,1.4922,0.7996,2.2816,1.8754,-0.8794,-0.2692,1.6554,0.9404,2.5711,2.2409,-1.0792,-0.4177,1.8494,1.0794,2.9330,2.4395,-1.2700,-0.5774,2.1370,1.2236,3.3589,2.8576,-1.4626,-0.7520,2.3708,1.3552,3.7549,3.3823,-1.5517,-0.9371,2.5001,1.5004,4.2419,3.9918,-1.3836,-1.0661,2.4697,1.6593,4.8120,4.7318,-1.2718,-1.1455,2.3344,1.8370,4.8120,4.7318,-1.2718,-1.1455,2.3344,1.8370,4.8120,4.7318,-1.2718,-1.1455,2.3344,1.8370,4.8120,4.7318,-1.2718,-1.1455,2.3344,1.8370,4.8120,4.7318,-1.2718,-1.1455,2.3344,1.8370,4.8120,4.7318,-1.2718,-1.1455,2.3344,1.8370,4.8120,4.7318,-1.2718,-1.1455,2.3344,1.8370,4.8120,4.7318,-1.2718,-1.1455,2.3344,1.8370,4.8120,4.7318,-1.2718,-1.1455,2.3344,1.8370,4.8120,4.7318,-1.2718,-1.1455,2.3344,1.8370,4.8120,4.7318,-1.2718,-1.1455,2.3344,1.8370,4.8120,4.7318,-1.2718,-1.1455,2.3344,1.8370,4.8120,4.7318,-1.2718,-1.1455,2.3344,1.8370,4.8120,4.7318,-1.2718,-1.1455,2.3344,1.8370,4.8120,4.7318,-1.2718,-1.1455,2.3344,1.8370,4.8120,4.7318,-1.2718,-1.1455,2.3344,1.8370
BAD_LATERAL_RAISE,6.1065,4.1862,-2.6255,4.2159,4.2458,-0.2772,6.0951,4.5081,-1.6038,3.8158,3.0925,-0.2848,5.3641,4.9053,-1.1414,3.5977,2.5765,-0.3291,4.5153,4.9077,-1.3131,3.4859,2.7936,-0.3839,4.0911,4.8664,-1.9986,3.3999,3.1664,-0.4351,4.2239,4.5362,-2.1781,3.3026,3.1560,-0.4948,4.3208,4.2640,-2.0100,3.1841,2.9060,-0.5568,4.2514,3.9374,-2.2594,3.0667,2.6599,-0.5935,4.1157,3.5091,-2.1882,2.9424,2.5366,-0.6028,4.0576,3.2154,-1.8586,2.7839,2.4422,-0.5999,3.9296,2.9725,-1.7372,2.5711,2.2843,-0.5791,3.5743,2.7613,-1.9119,2.3471,2.0485,-0.5348,3.1460,2.5669,-2.0124,2.1096,1.8140,-0.4490,2.7709,2.4120,-1.9472,1.8648,1.6605,-0.3308,2.5250,2.2726,-1.8598,1.5937,1.6486,-0.2240,2.4503,2.1601,-1.7444,1.3726,1.7336,-0.1336,2.4634,2.1410,-1.5703,1.1609,1.8696,-0.0704,2.4945,2.2229,-1.5260,0.9603,2.0035,0.0063,2.5466,2.2738,-1.4692,0.7744,2.1018,0.0832,2.6118,2.4419,-1.3777,0.5933,2.1141,0.1862,2.7547,2.5944,-1.2772,0.4317,2.0840,0.3180,2.8875,2.6602,-1.2849,0.3022,2.0459,0.4739,3.0156,2.6943,-1.4315,0.1779,1.9871,0.6410,3.0676,2.6680,-1.5781,0.0677,1.9116,0.8231,3.0891,2.6638,-1.7946,-0.0605,1.8028,1.0201,3.0664,2.6901,-2.0584,-0.2034,1.6987,1.2732,3.0951,2.8612,-2.1679,-0.3667,1.5663,1.4954,3.2788,3.1908,-1.9675,-0.5764,1.5485,1.7313,3.6120,3.6287,-1.6427,-0.7204,1.5374,1.9589,4.0905,4.1073,-1.3579,-0.8309,1.5479,2.1649,4.5781,4.7001,-1.1001,-0.8870,1.5521,2.3830,4.5781,4.7001,-1.1001,-0.8870,1.5521,2.3830,4.5781,4.7001,-1.1001,-0.8870,1.5521,2.3830,4.5781,4.7001,-1.1001,-0.8870,1.5521,2.3830,4.5781,4.7001,-1.1001,-0.8870,1.5521,2.3830,4.5781,4.7001,-1.1001,-0.8870,1.5521,2.3830,4.5781,4.7001,-1.1001,-0.8870,1.5521,2.3830,4.5781,4.7001,-1.1001,-0.8870,1.5521,2.3830,4.5781,4.7001,-1.1001,-0.8870,1.5521,2.3830,4.5781,4.7001,-1.1001,-0.8870,1.5521,2.3830,4.5781,4.7001,-1.1001,-0.8870,1.5521,2.3830,4.5781,4.7001,-1.1001,-0.8870,1.5521,2.3830,4.5781,4.7001,-1.1001,-0.8870,1.5521,2.3830,4.5781,4.7001,-1.1001,-0.8870,1.5521,2.3830,4.5781,4.7001,-1.1001,-0.8870,1.5521,2.3830,4.5781,4.7001,-1.1001,-0.8870,1.5521,2.3830,4.5781,4.7001,-1.1001,-0.8870,1.5521,2.3830,4.5781,4.7001,-1.1001,-0.8870,1.5521,2.3830,4.5781,4.7001,-1.1001,-0.8870,1.5521,2.3830,4.5781,4.7001,-1.1001,-0.8870,1.5521,2.3830
BAD_LATERAL_RAISE,2.5848,8.7727,0.8680,3.3950,3.9932,-1.3302,2.9575,8.7087,1.3262,3.3709,4.1278,-1.4317,3.1872,8.1284,0.8949,3.3831,4.3174,-1.6043,3.3547,7.4722,0.3763,3.3637,4.5902,-1.8202,3.3817,6.8213,-0.0676,3.2947,4.7015,-2.0102,3.3171,6.1089,-0.6670,3.1861,4.6116,-2.1142,3.4385,5.2409,-1.1390,3.0175,4.3361,-2.1110,3.6574,4.6678,-1.1719,2.8036,3.8263,-2.0122,3.8160,4.0229,-1.5805,2.5527,3.2811,-1.8725,3.9278,3.4451,-1.9460,2.2701,2.8514,-1.7133,4.0235,2.9438,-1.9968,1.9563,2.4763,-1.5679,4.1139,2.4909,-1.9531,1.6174,2.0710,-1.4119,4.0798,2.2546,-1.6433,1.2709,1.5562,-1.2781,4.0570,2.2181,-1.0995,1.0093,1.0777,-1.1469,3.9194,2.3456,-0.4798,0.7898,0.6730,-1.0166,3.7442,2.6303,-0.4828,0.6188,0.3644,-0.8653,3.4349,2.9163,-0.5731,0.4673,0.0790,-0.7324,3.0778,3.1591,-0.7418,0.3335,-0.1917,-0.5953,2.6740,3.2710,-0.8465,0.2356,-0.4462,-0.4435,2.3725,2.9450,-0.8686,0.1848,-0.6258,-0.2407,2.2481,2.6542,-0.6568,0.1663,-0.7408,-0.1077,2.2253,2.0907,-0.5043,0.0886,-0.6782,0.0099,2.2331,1.8179,-0.4002,0.0174,-0.5840,0.1026,2.0752,1.7228,-0.4714,-0.1092,-0.4607,0.1828,1.8389,1.8867,-0.6921,-0.2726,-0.3299,0.3189,1.6911,2.0859,-0.7878,-0.4360,-0.2078,0.5006,1.6463,2.3192,-0.8207,-0.6043,-0.1234,0.6935,1.7294,2.5113,-0.6700,-0.7259,-0.0249,0.8821,1.8963,2.7105,-0.2518,-0.8227,0.1170,1.0854,2.0399,2.9868,0.0760,-0.8937,0.3401,1.2051,2.1966,3.2435,0.2566,-0.9334,0.5395,1.3270,2.3521,3.5468,0.1795,-0.9696,0.7952,1.4558,2.5316,3.8800,-0.1005,-1.0169,1.0863,1.5713,2.7009,4.3382,-0.5133,-1.0875,1.3615,1.7022,2.8762,4.7456,-0.9218,-1.1675,1.6583,1.8243,2.8762,4.7456,-0.9218,-1.1675,1.6583,1.8243,2.8762,4.7456,-0.9218,-1.1675,1.6583,1.8243,2.8762,4.7456,-0.9218,-1.1675,1.6583,1.8243,2.8762,4.7456,-0.9218,-1.1675,1.6583,1.8243,2.8762,4.7456,-0.9218,-1.1675,1.6583,1.8243,2.8762,4.7456,-0.9218,-1.1675,1.6583,1.8243,2.8762,4.7456,-0.9218,-1.1675,1.6583,1.8243,2.8762,4.7456,-0.9218,-1.1675,1.6583,1.8243,2.8762,4.7456,-0.9218,-1.1675,1.6583,1.8243,2.8762,4.7456,-0.9218,-1.1675,1.6583,1.8243,2.8762,4.7456,-0.9218,-1.1675,1.6583,1.8243,2.8762,4.7456,-0.9218,-1.1675,1.6583,1.8243,2.8762,4.7456,-0.9218,-1.1675,1.6583,1.8243,2.8762,4.7456,-0.9218,-1.1675,1.6583,1.8243,2.8762,4.7456,-0.9218,-1.1675,1.6583,1.8243
BAD_LATERAL_RAISE,2.7870,6.3314,1.1013,2.2848,1.2587,-0.5362,2.6602,6.2937,0.6891,2.1322,1.3352,-0.4866,2.5741,6.3721,0.6658,2.0128,1.3804,-0.4293,2.4317,6.1878,0.4307,1.9642,1.5059,-0.3971,2.4197,5.8445,0.1322,1.9578,1.7908,-0.4241,2.4802,5.3821,-0.1077,2.0114,2.2220,-0.5073,2.6483,4.8790,-0.2596,2.0608,2.7171,-0.6274,2.9366,4.2479,-0.6724,2.0801,3.2432,-0.8028,3.2961,3.6341,-1.1240,2.0134,3.7469,-0.9562,3.6999,3.1155,-1.3998,1.8583,4.0277,-1.0750,4.1719,2.7117,-1.4094,1.6409,4.0494,-1.1342,4.7731,2.3767,-1.2760,1.3903,3.7110,-1.0866,5.3157,2.1422,-1.2628,1.1125,3.0670,-0.9887,5.5502,2.0788,-1.1809,0.8068,2.5262,-0.8653,5.5328,2.2199,-1.0816,0.5402,2.0916,-0.7384,5.2804,2.4754,-1.2024,0.2995,1.6744,-0.6170,4.8682,2.8158,-1.5577,0.0796,1.1895,-0.4722,4.4764,3.0042,-1.4794,-0.0832,0.7210,-0.3354,4.1952,2.9671,-0.9135,-0.1712,0.3497,-0.2017,4.0403,2.7338,-0.4935,-0.1649,0.1159,-0.0823,3.9535,2.4293,-0.5964,-0.1458,-0.0125,0.0047,3.7627,2.2068,-0.8740,-0.2106,-0.1162,0.0754,3.5683,2.0836,-1.2054,-0.3971,-0.2141,0.1820,3.5073,2.1242,-1.2873,-0.6439,-0.3131,0.3377,3.5976,2.3318,-1.1312,-0.9081,-0.3903,0.5104,3.7711,2.6710,-0.7597,-1.1177,-0.4276,0.6738,3.9511,3.1328,-0.2160,-1.2611,-0.4330,0.7921,4.0265,3.6006,0.2794,-1.3161,-0.4097,0.8958,4.0098,4.0594,0.5498,-1.3025,-0.3706,0.9978,3.9159,4.4680,0.4134,-1.2784,-0.2819,1.1130,3.8548,4.7007,0.1531,-1.2417,-0.1196,1.2196,3.8548,4.7007,0.1531,-1.2417,-0.1196,1.2196,3.8548,4.7007,0.1531,-1.2417,-0.1196,1.2196,3.8548,4.7007,0.1531,-1.2417,-0.1196,1.2196,3.8548,4.7007,0.1531,-1.2417,-0.1196,1.2196,3.8548,4.7007,0.1531,-1.2417,-0.1196,1.2196,3.8548,4.7007,0.1531,-1.2417,-0.1196,1.2196,3.8548,4.7007,0.1531,-1.2417,-0.1196,1.2196,3.8548,4.7007,0.1531,-1.2417,-0.1196,1.2196,3.8548,4.7007,0.1531,-1.2417,-0.1196,1.2196,3.8548,4.7007,0.1531,-1.2417,-0.1196,1.2196,3.8548,4.7007,0.1531,-1.2417,-0.1196,1.2196,3.8548,4.7007,0.1531,-1.2417,-0.1196,1.2196,3.8548,4.7007,0.1531,-1.2417,-0.1196,1.2196,3.8548,4.7007,0.1531,-1.2417,-0.1196,1.2196,3.8548,4.7007,0.1531,-1.2417,-0.1196,1.2196,3.8548,4.7007,0.1531,-1.2417,-0.1196,1.2196,3.8548,4.7007,0.1531,-1.2417,-0.1196,1.2196,3.8548,4.7007,0.1531,-1.2417,-0.1196,1.2196,3.8548,4.7007,0.1531,-1.2417,-0.1196,1.2196
BAD_LATERAL_RAISE,-2.0405,8.7027,-2.9456,3.9511,5.0034,1.8451,-1.3322,8.3719,-3.0592,3.9645,5.0034,1.5970,-0.5515,8.1027,-3.0287,3.9868,5.0034,1.3118,0.1196,7.7773,-3.1466,4.0172,5.0034,0.9569,0.7567,7.2772,-3.5587,4.0371,5.0034,0.5490,1.3549,6.6574,-4.1755,4.0349,5.0034,0.0733,3.3793,7.1731,-1.0953,4.1948,5.0034,-0.3613,4.1091,6.0168,-5.6088,4.6059,5.0034,-0.7083,5.0195,4.3155,-4.9508,4.2802,5.0034,-0.9113,6.0616,2.8546,-2.5244,3.8170,5.0034,-0.8954,6.7352,1.4614,-1.7880,3.2562,5.0034,-0.7695,6.9015,0.7908,-1.8796,2.6073,5.0034,-0.6625,6.8166,0.8213,-1.5858,2.0354,4.9999,-0.5472,6.4678,1.5272,-0.5647,1.5145,4.2941,-0.3998,5.7488,2.5651,-0.0132,1.1289,3.5569,-0.2323,4.8939,3.2662,0.3775,0.8628,3.0355,-0.0974,4.3220,3.6419,0.8339,0.6596,2.7681,0.0246,3.9440,3.7789,1.2927,0.5405,2.5791,0.1327,3.7059,3.8004,1.5619,0.4401,2.3937,0.2191,3.3990,3.7801,1.6528,0.3456,2.1620,0.3204,3.0395,3.8088,1.5511,0.1671,1.9610,0.4617,2.7182,3.9326,1.3346,0.0041,1.7440,0.6570,2.4957,4.0385,0.9517,-0.2019,1.5415,0.8644,2.0303,4.0134,0.2728,-0.4375,1.3809,1.1125,2.3844,4.3304,-0.0096,-0.5971,1.2901,1.2961,2.2905,4.4812,0.1155,-0.8578,1.2517,1.4500,2.4730,4.9286,0.2100,-0.9914,1.2969,1.6929,2.4730,4.9286,0.2100,-0.9914,1.2969,1.6929,2.4730,4.9286,0.2100,-0.9914,1.2969,1.6929,2.4730,4.9286,0.2100,-0.9914,1.2969,1.6929,2.4730,4.9286,0.2100,-0.9914,1.2969,1.6929,2.4730,4.9286,0.2100,-0.9914,1.2969,1.6929,2.4730,4.9286,0.2100,-0.9914,1.2969,1.6929,2.4730,4.9286,0.2100,-0.9914,1.2969,1.6929,2.4730,4.9286,0.2100,-0.9914,1.2969,1.6929,2.4730,4.9286,0.2100,-0.9914,1.2969,1.6929,2.4730,4.9286,0.2100,-0.9914,1.2969,1.6929,2.4730,4.9286,0.2100,-0.9914,1.2969,1.6929,2.4730,4.9286,0.2100,-0.9914,1.2969,1.6929,2.4730,4.9286,0.2100,-0.9914,1.2969,1.6929,2.4730,4.9286,0.2100,-0.9914,1.2969,1.6929,2.4730,4.9286,0.2100,-0.9914,1.2969,1.6929,2.4730,4.9286,0.2100,-0.9914,1.2969,1.6929,2.4730,4.9286,0.2100,-0.9914,1.2969,1.6929,2.4730,4.9286,0.2100,-0.9914,1.2969,1.6929,2.4730,4.9286,0.2100,-0.9914,1.2969,1.6929,2.4730,4.9286,0.2100,-0.9914,1.2969,1.6929,2.4730,4.9286,0.2100,-0.9914,1.2969,1.6929,2.4730,4.9286,0.2100,-0.9914,1.2969,1.6929,2.4730,4.9286,0.2100,-0.9914,1.2969,1.6929
BAD_LATERAL_RAISE,4.4082,7.9681,0.3099,1.3511,0.7695,-2.9143,3.9972,7.5266,-0.0060,1.3479,0.7501,-2.8614,3.5049,7.2407,-0.3649,1.3572,0.7552,-2.8069,3.0957,6.7430,-0.8040,1.3752,0.7627,-2.7336,2.7679,6.1328,-1.1707,1.3894,0.7953,-2.6502,2.4586,5.4676,-1.4800,1.3778,0.8740,-2.5666,2.3868,4.6726,-1.4530,1.3300,0.9960,-2.4755,2.4580,4.0259,-1.2090,1.1921,1.1390,-2.4303,2.3737,3.7394,-1.0056,1.0460,1.2775,-2.3860,2.2750,3.4917,-1.1103,0.9502,1.4207,-2.2862,2.2911,3.2279,-1.4255,0.8508,1.5133,-2.1455,2.3276,2.9761,-1.8443,0.7101,1.5091,-2.0113,2.2995,2.6841,-2.0327,0.5244,1.4369,-1.8680,2.2744,2.4305,-2.0698,0.3453,1.3602,-1.7071,2.3097,2.2307,-1.9938,0.1729,1.3398,-1.5444,2.5220,2.0088,-1.7605,0.0173,1.3630,-1.3807,2.6536,1.9256,-1.3639,-0.1559,1.3801,-1.2372,2.8247,1.9609,-0.9685,-0.2469,1.3616,-1.0945,2.9306,2.0429,-0.8321,-0.3487,1.2543,-0.9190,2.9372,2.1613,-1.0265,-0.4375,1.0803,-0.6626,2.9174,2.2493,-1.1186,-0.5171,0.8291,-0.4021,2.8911,2.3180,-1.0917,-0.5976,0.6156,-0.1294,2.9252,2.3533,-0.8249,-0.6466,0.4794,0.1142,2.9216,2.2828,-0.4295,-0.6654,0.4485,0.3713,2.9354,2.1523,-0.0921,-0.6519,0.4921,0.5562,2.9426,1.9926,0.0395,-0.6243,0.5786,0.7637,2.8905,1.8365,-0.0329,-0.6130,0.6209,0.9870,2.8923,1.7408,-0.1298,-0.6439,0.6283,1.2341,2.9216,1.7049,-0.1286,-0.7162,0.6222,1.5198,3.0467,1.8132,-0.0550,-0.8242,0.6552,1.7856,3.2584,2.0088,0.1119,-0.9485,0.7550,2.0498,3.5456,2.3551,0.0383,-1.0385,0.8919,2.3028,3.8345,2.9007,0.0018,-1.1084,1.0221,2.5730,4.1749,3.4445,-0.3099,-1.1832,1.1373,2.8103,4.4686,4.0816,-0.5180,-1.2750,1.2320,3.0464,5.2020,5.1667,0.2608,-1.3358,1.3396,3.2281,5.2020,5.1667,0.2608,-1.3358,1.3396,3.2281,5.2020,5.1667,0.2608,-1.3358,1.3396,3.2281,5.2020,5.1667,0.2608,-1.3358,1.3396,3.2281,5.2020,5.1667,0.2608,-1.3358,1.3396,3.2281,5.2020,5.1667,0.2608,-1.3358,1.3396,3.2281,5.2020,5.1667,0.2608,-1.3358,1.3396,3.2281,5.2020,5.1667,0.2608,-1.3358,1.3396,3.2281,5.2020,5.1667,0.2608,-1.3358,1.3396,3.2281,5.2020,5.1667,0.2608,-1.3358,1.3396,3.2281,5.2020,5.1667,0.2608,-1.3358,1.3396,3.2281,5.2020,5.1667,0.2608,-1.3358,1.3396,3.2281,5.2020,5.1667,0.2608,-1.3358,1.3396,3.2281,5.2020,5.1667,0.2608,-1.3358,1.3396,3.2281,5.2020,5.1667,0.2608,-1.3358,1.3396,3.2281
BAD_LATERAL_RAISE,0.1759,9.6090,-3.0120,4.0917,5.0034,0.5389,0.6269,8.9773,-3.0443,4.0888,5.0034,0.1057,0.9697,8.2774,-3.1244,4.0897,5.0034,-0.3693,1.0768,7.3657,-3.7490,4.0577,5.0034,-0.8864,1.4506,6.4666,-4.3513,3.9601,5.0034,-1.3153,1.8766,5.6889,-4.6062,3.8142,5.0034,-1.6628,2.5675,5.0919,-4.8443,3.6305,5.0034,-1.8986,3.3894,4.3609,-4.7934,3.3650,5.0034,-2.0717,4.1115,3.9260,-4.6857,3.0487,5.0034,-2.0762,4.5793,3.4941,-4.3986,2.6400,5.0034,-2.0197,4.8622,3.1531,-4.1928,2.2434,5.0034,-1.9057,5.0818,2.9856,-3.8626,1.8213,5.0034,-1.7634,5.0764,2.9007,-3.4331,1.4001,5.0034,-1.5809,5.2600,2.9689,-2.7565,0.9872,4.9353,-1.3893,5.2726,3.1615,-1.8299,0.6814,4.2990,-1.1921,5.1428,3.3619,-0.9900,0.4585,3.7425,-0.9930,5.0177,3.5426,-0.7795,0.2844,3.2368,-0.7483,4.8784,3.5886,-0.6323,0.1342,2.5988,-0.5122,4.6899,3.6383,-0.5779,-0.0223,1.9798,-0.2550,4.3854,3.6024,-0.6855,-0.1755,1.3888,0.0064,4.1498,3.5922,-0.5898,-0.3247,0.8819,0.3031,3.9356,3.6191,-0.4140,-0.4811,0.4291,0.5267,3.7633,3.7274,-0.1412,-0.6377,0.1159,0.7552,3.7573,3.9727,-0.2255,-0.7553,-0.1090,0.9391,3.1956,4.1432,-0.4540,-0.8810,-0.2584,1.1191,3.0622,4.4602,-0.6215,-0.9458,-0.3270,1.4413,3.1226,4.7216,-0.7035,-1.0505,-0.3457,1.6768,3.1226,4.7216,-0.7035,-1.0505,-0.3457,1.6768,3.1226,4.7216,-0.7035,-1.0505,-0.3457,1.6768,3.1226,4.7216,-0.7035,-1.0505,-0.3457,1.6768,3.1226,4.7216,-0.7035,-1.0505,-0.3457,1.6768,3.1226,4.7216,-0.7035,-1.0505,-0.3457,1.6768,3.1226,4.7216,-0.7035,-1.0505,-0.3457,1.6768,3.1226,4.7216,-0.7035,-1.0505,-0.3457,1.6768,3.1226,4.7216,-0.7035,-1.0505,-0.3457,1.6768,3.1226,4.7216,-0.7035,-1.0505,-0.3457,1.6768,3.1226,4.7216,-0.7035,-1.0505,-0.3457,1.6768,3.1226,4.7216,-0.7035,-1.0505,-0.3457,1.6768,3.1226,4.7216,-0.7035,-1.0505,-0.3457,1.6768,3.1226,4.7216,-0.7035,-1.0505,-0.3457,1.6768,3.1226,4.7216,-0.7035,-1.0505,-0.3457,1.6768,3.1226,4.7216,-0.7035,-1.0505,-0.3457,1.6768,3.1226,4.7216,-0.7035,-1.0505,-0.3457,1.6768,3.1226,4.7216,-0.7035,-1.0505,-0.3457,1.6768,3.1226,4.7216,-0.7035,-1.0505,-0.3457,1.6768,3.1226,4.7216,-0.7035,-1.0505,-0.3457,1.6768,3.1226,4.7216,-0.7035,-1.0505,-0.3457,1.6768,3.1226,4.7216,-0.7035,-1.0505,-0.3457,1.6768,3.1226,4.7216,-0.7035,-1.0505,-0.3457,1.6768,3.1226,4.7216,-0.7035,-1.0505,-0.3457,1.6768
BAD_LATERAL_RAISE,0.3607,13.0044,-4.9717,5.0034,5.0034,0.9129,0.7657,12.5127,-5.1135,5.0034,5.0034,0.5924,1.0510,11.8361,-5.4084,5.0034,5.0034,0.1930,1.0098,10.8610,-5.9402,5.0034,5.0034,-0.2459,1.0654,9.6365,-6.6299,5.0034,5.0034,-0.6865,1.3651,8.2038,-6.9242,5.0034,5.0034,-1.1664,1.9041,6.7962,-7.4608,5.0034,5.0034,-1.5780,2.5944,5.4000,-7.8586,5.0034,5.0034,-1.9418,3.4983,4.0899,-7.6917,5.0034,5.0034,-2.2313,4.5870,3.0485,-6.7364,4.9715,5.0034,-2.4899,5.9109,2.0255,-6.0520,4.6010,5.0034,-2.5684,6.9583,1.1312,-5.9450,3.9010,5.0034,-2.5615,7.5182,0.3852,-5.8953,3.1831,5.0034,-2.4523,7.7934,0.0885,-5.1721,2.4525,5.0034,-2.2532,7.9771,0.4158,-4.2580,1.7759,5.0034,-1.9754,8.1541,1.1988,-2.9312,1.2084,4.7568,-1.7559,8.0471,2.2199,-1.6738,0.7764,3.9214,-1.5759,7.5763,3.1717,-0.6407,0.5681,3.0615,-1.3686,6.7890,3.8680,-0.0293,0.5073,2.1467,-1.0505,5.6267,4.0510,0.0790,0.5470,1.1510,-0.7101,4.5087,3.8076,0.0885,0.6267,0.3705,-0.3596,3.4875,3.2997,-0.0018,0.6370,-0.1999,-0.0055,2.6189,2.6770,-0.3398,0.5756,-0.5464,0.3251,1.9615,1.9986,-0.7089,0.4090,-0.7144,0.6742,1.5781,1.6217,-0.7771,0.1527,-0.7359,0.9760,1.5482,1.6295,-0.3081,-0.2094,-0.6475,1.2581,1.7306,2.0931,0.1914,-0.5437,-0.4772,1.5305,2.0453,2.9115,0.5438,-0.7958,-0.2741,1.8269,2.5705,3.7095,0.4977,-0.9273,-0.0964,2.0776,3.0227,4.4465,0.4750,-0.9348,-0.0266,2.3268,3.6239,4.9920,0.3500,-0.8577,-0.0121,2.5614,3.6239,4.9920,0.3500,-0.8577,-0.0121,2.5614,3.6239,4.9920,0.3500,-0.8577,-0.0121,2.5614,3.6239,4.9920,0.3500,-0.8577,-0.0121,2.5614,3.6239,4.9920,0.3500,-0.8577,-0.0121,2.5614,3.6239,4.9920,0.3500,-0.8577,-0.0121,2.5614,3.6239,4.9920,0.3500,-0.8577,-0.0121,2.5614,3.6239,4.9920,0.3500,-0.8577,-0.0121,2.5614,3.6239,4.9920,0.3500,-0.8577,-0.0121,2.5614,3.6239,4.9920,0.3500,-0.8577,-0.0121,2.5614,3.6239,4.9920,0.3500,-0.8577,-0.0121,2.5614,3.6239,4.9920,0.3500,-0.8577,-0.0121,2.5614,3.6239,4.9920,0.3500,-0.8577,-0.0121,2.5614,3.6239,4.9920,0.3500,-0.8577,-0.0121,2.5614,3.6239,4.9920,0.3500,-0.8577,-0.0121,2.5614,3.6239,4.9920,0.3500,-0.8577,-0.0121,2.5614,3.6239,4.9920,0.3500,-0.8577,-0.0121,2.5614,3.6239,4.9920,0.3500,-0.8577,-0.0121,2.5614,3.6239,4.9920,0.3500,-0.8577,-0.0121,2.5614,3.6239,4.9920,0.3500,-0.8577,-0.0121,2.5614
BAD_LATERAL_RAISE,3.0981,5.2247,-1.4363,0.6147,1.1408,-1.9897,3.1890,4.5392,-1.4405,0.5658,1.1144,-1.7743,3.5474,4.1109,-0.9224,0.4334,0.9727,-1.6225,3.8632,4.0469,0.1065,0.2883,0.8212,-1.4998,3.9535,4.3513,0.7436,0.1868,0.7188,-1.3642,3.8297,4.5661,0.7543,0.1503,0.5947,-1.1747,3.5043,4.6379,0.5216,0.2098,0.3590,-0.9785,3.0000,4.4548,0.1848,0.3097,0.0287,-0.7840,2.4526,4.1031,-0.2548,0.4201,-0.1776,-0.5912,1.8419,3.4385,-0.6664,0.4675,-0.1804,-0.3848,1.8233,2.6991,-0.8459,0.3636,0.0476,-0.1856,2.0578,2.2696,-0.5940,0.2414,0.4197,-0.0232,2.3282,2.2074,-0.1621,0.0570,0.8948,0.0816,2.4778,2.4508,-0.3799,-0.1110,1.3784,0.1941,2.7033,2.8606,-0.5964,-0.2509,1.7413,0.3430,2.9982,3.3284,-0.7735,-0.3587,1.8072,0.5408,3.3117,3.7956,-0.7819,-0.3853,1.6649,0.7645,3.6461,4.2395,-0.7944,-0.3514,1.4627,1.0133,3.9775,4.6325,-0.8632,-0.2757,1.3393,1.1700,3.9775,4.6325,-0.8632,-0.2757,1.3393,1.1700,3.9775,4.6325,-0.8632,-0.2757,1.3393,1.1700,3.9775,4.6325,-0.8632,-0.2757,1.3393,1.1700,3.9775,4.6325,-0.8632,-0.2757,1.3393,1.1700,3.9775,4.6325,-0.8632,-0.2757,1.3393,1.1700,3.9775,4.6325,-0.8632,-0.2757,1.3393,1.1700,3.9775,4.6325,-0.8632,-0.2757,1.3393,1.1700,3.9775,4.6325,-0.8632,-0.2757,1.3393,1.1700,3.9775,4.6325,-0.8632,-0.2757,1.3393,1.1700,3.9775,4.6325,-0.8632,-0.2757,1.3393,1.1700,3.9775,4.6325,-0.8632,-0.2757,1.3393,1.1700,3.9775,4.6325,-0.8632,-0.2757,1.3393,1.1700,3.9775,4.6325,-0.8632,-0.2757,1.3393,1.1700,3.9775,4.6325,-0.8632,-0.2757,1.3393,1.1700,3.9775,4.6325,-0.8632,-0.2757,1.3393,1.1700,3.9775,4.6325,-0.8632,-0.2757,1.3393,1.1700,3.9775,4.6325,-0.8632,-0.2757,1.3393,1.1700,3.9775,4.6325,-0.8632,-0.2757,1.3393,1.1700,3.9775,4.6325,-0.8632,-0.2757,1.3393,1.1700,3.9775,4.6325,-0.8632,-0.2757,1.3393,1.1700,3.9775,4.6325,-0.8632,-0.2757,1.3393,1.1700,3.9775,4.6325,-0.8632,-0.2757,1.3393,1.1700,3.9775,4.6325,-0.8632,-0.2757,1.3393,1.1700,3.9775,4.6325,-0.8632,-0.2757,1.3393,1.1700,3.9775,4.6325,-0.8632,-0.2757,1.3393,1.1700,3.9775,4.6325,-0.8632,-0.2757,1.3393,1.1700,3.9775,4.6325,-0.8632,-0.2757,1.3393,1.1700,3.9775,4.6325,-0.8632,-0.2757,1.3393,1.1700,3.9775,4.6325,-0.8632,-0.2757,1.3393,1.1700,3.9775,4.6325,-0.8632,-0.2757,1.3393,1.1700,3.9775,4.6325,-0.8632,-0.2757,1.3393,1.1700
BAD_LATERAL_RAISE,2.9910,6.0903,-0.6383,2.2695,3.9796,-2.1093,3.0574,5.7051,-0.7316,2.0721,3.7283,-2.0456,2.9456,5.3940,-0.7669,1.8937,3.4960,-2.0177,2.8534,4.9795,-1.0744,1.7080,3.3307,-1.9467,2.8738,4.6481,-1.0798,1.5394,3.1806,-1.8648,2.9886,4.3173,-0.9009,1.3714,3.0116,-1.7701,3.1214,4.0020,-0.6915,1.2312,2.7820,-1.6612,3.3147,3.7627,-0.6293,1.0884,2.4943,-1.5004,3.4630,3.5402,-0.7765,0.9378,2.1432,-1.3778,3.5539,3.4780,-0.8489,0.7254,1.8065,-1.2178,3.5641,3.5342,-0.6072,0.5237,1.4542,-1.0573,3.4050,3.7214,-0.2189,0.3619,1.0925,-0.8853,3.2776,3.8291,-0.0616,0.2786,0.7723,-0.7063,3.0215,3.7896,0.0837,0.2553,0.4953,-0.5652,2.7996,3.5270,0.0939,0.2515,0.3187,-0.4412,2.5502,3.0712,-0.0933,0.2237,0.2107,-0.2950,2.3737,2.6710,-0.4367,0.1242,0.1555,-0.1249,2.2319,2.4413,-0.7926,-0.0321,0.1585,0.0231,2.1099,2.4347,-0.9051,-0.2847,0.1981,0.1845,2.0830,2.6357,-0.5384,-0.5220,0.2781,0.3506,2.1978,3.2094,0.1848,-0.7179,0.3664,0.5105,2.3958,3.6443,0.7484,-0.8245,0.4472,0.6668,2.5621,4.1324,0.9272,-0.8311,0.5261,0.7801,2.6901,4.4189,0.7926,-0.7721,0.5724,0.8975,2.8481,4.6253,0.5498,-0.7149,0.5756,1.0223,2.8481,4.6253,0.5498,-0.7149,0.5756,1.0223,2.8481,4.6253,0.5498,-0.7149,0.5756,1.0223,2.8481,4.6253,0.5498,-0.7149,0.5756,1.0223,2.8481,4.6253,0.5498,-0.7149,0.5756,1.0223,2.8481,4.6253,0.5498,-0.7149,0.5756,1.0223,2.8481,4.6253,0.5498,-0.7149,0.5756,1.0223,2.8481,4.6253,0.5498,-0.7149,0.5756,1.0223,2.8481,4.6253,0.5498,-0.7149,0.5756,1.0223,2.8481,4.6253,0.5498,-0.7149,0.5756,1.0223,2.8481,4.6253,0.5498,-0.7149,0.5756,1.0223,2.8481,4.6253,0.5498,-0.7149,0.5756,1.0223,2.8481,4.6253,0.5498,-0.7149,0.5756,1.0223,2.8481,4.6253,0.5498,-0.7149,0.5756,1.0223,2.8481,4.6253,0.5498,-0.7149,0.5756,1.0223,2.8481,4.6253,0.5498,-0.7149,0.5756,1.0223,2.8481,4.6253,0.5498,-0.7149,0.5756,1.0223,2.8481,4.6253,0.5498,-0.7149,0.5756,1.0223,2.8481,4.6253,0.5498,-0.7149,0.5756,1.0223,2.8481,4.6253,0.5498,-0.7149,0.5756,1.0223,2.8481,4.6253,0.5498,-0.7149,0.5756,1.0223,2.8481,4.6253,0.5498,-0.7149,0.5756,1.0223,2.8481,4.6253,0.5498,-0.7149,0.5756,1.0223,2.8481,4.6253,0.5498,-0.7149,0.5756,1.0223,2.8481,4.6253,0.5498,-0.7149,0.5756,1.0223,2.8481,4.6253,0.5498,-0.7149,0.5756,1.0223
BAD_LATERAL_RAISE,4.3155,5.2552,-1.1133,0.2978,0.7587,-1.8314,3.8931,5.4879,-0.6060,0.1419,0.3401,-1.7165,3.4947,5.8750,0.0694,0.0421,0.0279,-1.5959,3.0688,6.1705,0.9135,0.0492,-0.2121,-1.5171,2.5214,6.1717,1.2156,0.1452,-0.4010,-1.4351,1.9567,5.8373,1.0337,0.2492,-0.5286,-1.3398,1.4566,5.2929,0.6072,0.3083,-0.5838,-1.2089,1.1557,4.6355,-0.1226,0.2769,-0.5808,-1.0371,1.0241,3.9188,-0.5892,0.1484,-0.4849,-0.8247,1.0971,3.4947,-0.6784,-0.0562,-0.2912,-0.6523,1.2353,3.2782,-0.3655,-0.3149,-0.0716,-0.4979,1.3651,3.3870,0.3296,-0.5020,0.1698,-0.3735,1.3980,3.7896,0.8177,-0.6107,0.3719,-0.2520,1.4495,3.9081,0.9003,-0.6413,0.4782,-0.0790,1.5523,4.0618,0.7286,-0.6245,0.4756,0.0910,1.6642,4.0935,0.4062,-0.5904,0.4281,0.2853,1.8359,4.0026,0.0766,-0.5959,0.4114,0.4972,2.0524,3.9846,-0.0126,-0.6410,0.4843,0.7199,2.3360,4.0702,0.0185,-0.7081,0.6428,0.9044,2.6010,4.3214,0.2746,-0.7906,0.8341,1.0832,2.9515,4.6786,0.6748,-0.8486,1.0122,1.2561,2.9515,4.6786,0.6748,-0.8486,1.0122,1.2561,2.9515,4.6786,0.6748,-0.8486,1.0122,1.2561,2.9515,4.6786,0.6748,-0.8486,1.0122,1.2561,2.9515,4.6786,0.6748,-0.8486,1.0122,1.2561,2.9515,4.6786,0.6748,-0.8486,1.0122,1.2561,2.9515,4.6786,0.6748,-0.8486,1.0122,1.2561,2.9515,4.6786,0.6748,-0.8486,1.0122,1.2561,2.9515,4.6786,0.6748,-0.8486,1.0122,1.2561,2.9515,4.6786,0.6748,-0.8486,1.0122,1.2561,2.9515,4.6786,0.6748,-0.8486,1.0122,1.2561,2.9515,4.6786,0.6748,-0.8486,1.0122,1.2561,2.9515,4.6786,0.6748,-0.8486,1.0122,1.2561,2.9515,4.6786,0.6748,-0.8486,1.0122,1.2561,2.9515,4.6786,0.6748,-0.8486,1.0122,1.2561,2.9515,4.6786,0.6748,-0.8486,1.0122,1.2561,2.9515,4.6786,0.6748,-0.8486,1.0122,1.2561,2.9515,4.6786,0.6748,-0.8486,1.0122,1.2561,2.9515,4.6786,0.6748,-0.8486,1.0122,1.2561,2.9515,4.6786,0.6748,-0.8486,1.0122,1.2561,2.9515,4.6786,0.6748,-0.8486,1.0122,1.2561,2.9515,4.6786,0.6748,-0.8486,1.0122,1.2561,2.9515,4.6786,0.6748,-0.8486,1.0122,1.2561,2.9515,4.6786,0.6748,-0.8486,1.0122,1.2561,2.9515,4.6786,0.6748,-0.8486,1.0122,1.2561,2.9515,4.6786,0.6748,-0.8486,1.0122,1.2561,2.9515,4.6786,0.6748,-0.8486,1.0122,1.2561,2.9515,4.6786,0.6748,-0.8486,1.0122,1.2561,2.9515,4.6786,0.6748,-0.8486,1.0122,1.2561,2.9515,4.6786,0.6748,-0.8486,1.0122,1.2561
BAD_LATERAL_RAISE,0.7047,9.0132,-1.2867,3.0769,4.1882,-0.3276,0.8213,8.5484,-1.3125,3.0555,4.4086,-0.5092,1.0032,7.8766,-1.2700,2.9844,4.6826,-0.7434,1.0816,7.1988,-1.3346,2.9167,4.9905,-1.0035,1.0869,6.4744,-1.2233,2.8159,5.0034,-1.2396,1.1994,5.6806,-1.0720,2.7275,5.0034,-1.4415,1.3513,5.0411,-0.8130,2.6429,5.0034,-1.6680,1.5882,4.2347,-0.6921,2.5232,5.0034,-1.7578,2.1302,3.6096,-1.0056,2.3025,5.0034,-1.7787,2.8708,3.1992,-1.6534,2.0574,5.0034,-1.7344,3.5839,3.1669,-2.6040,1.7394,5.0034,-1.6406,3.8847,3.5007,-3.3864,1.3682,5.0034,-1.5101,3.8022,4.0642,-3.8046,0.9785,4.8775,-1.3612,3.7448,4.5972,-3.8853,0.5548,4.6104,-1.1816,3.7448,4.5972,-3.8853,0.5548,4.6104,-1.1816,3.7448,4.5972,-3.8853,0.5548,4.6104,-1.1816,3.7448,4.5972,-3.8853,0.5548,4.6104,-1.1816,3.7448,4.5972,-3.8853,0.5548,4.6104,-1.1816,3.7448,4.5972,-3.8853,0.5548,4.6104,-1.1816,3.7448,4.5972,-3.8853,0.5548,4.6104,-1.1816,3.7448,4.5972,-3.8853,0.5548,4.6104,-1.1816,3.7448,4.5972,-3.8853,0.5548,4.6104,-1.1816,3.7448,4.5972,-3.8853,0.5548,4.6104,-1.1816,3.7448,4.5972,-3.8853,0.5548,4.6104,-1.1816,3.7448,4.5972,-3.8853,0.5548,4.6104,-1.1816,3.7448,4.5972,-3.8853,0.5548,4.6104,-1.1816,3.7448,4.5972,-3.8853,0.5548,4.6104,-1.1816,3.7448,4.5972,-3.8853,0.5548,4.6104,-1.1816,3.7448,4.5972,-3.8853,0.5548,4.6104,-1.1816,3.7448,4.5972,-3.8853,0.5548,4.6104,-1.1816,3.7448,4.5972,-3.8853,0.5548,4.6104,-1.1816,3.7448,4.5972,-3.8853,0.5548,4.6104,-1.1816,3.7448,4.5972,-3.8853,0.5548,4.6104,-1.1816,3.7448,4.5972,-3.8853,0.5548,4.6104,-1.1816,3.7448,4.5972,-3.8853,0.5548,4.6104,-1.1816,3.7448,4.5972,-3.8853,0.5548,4.6104,-1.1816,3.7448,4.5972,-3.8853,0.5548,4.6104,-1.1816,3.7448,4.5972,-3.8853,0.5548,4.6104,-1.1816,3.7448,4.5972,-3.8853,0.5548,4.6104,-1.1816,3.7448,4.5972,-3.8853,0.5548,4.6104,-1.1816,3.7448,4.5972,-3.8853,0.5548,4.6104,-1.1816,3.7448,4.5972,-3.8853,0.5548,4.6104,-1.1816,3.7448,4.5972,-3.8853,0.5548,4.6104,-1.1816,3.7448,4.5972,-3.8853,0.5548,4.6104,-1.1816,3.7448,4.5972,-3.8853,0.5548,4.6104,-1.1816,3.7448,4.5972,-3.8853,0.5548,4.6104,-1.1816,3.7448,4.5972,-3.8853,0.5548,4.6104,-1.1816,3.7448,4.5972,-3.8853,0.5548,4.6104,-1.1816,3.7448,4.5972,-3.8853,0.5548,4.6104,-1.1816,3.7448,4.5972,-3.8853,0.5548,4.6104,-1.1816
BAD_LATERAL_RAISE,0.2979,10.7731,-2.9025,4.7756,5.0034,-0.9763,0.8279,9.7543,-3.5922,4.6788,5.0034,-1.2107,1.5188,9.1292,-3.1950,4.5885,5.0034,-1.3589,2.2068,8.4957,-3.5234,4.5151,5.0034,-1.4969,2.7918,7.4943,-4.2263,4.3147,5.0034,-1.6254,3.6838,6.5348,-4.7384,3.9880,5.0034,-1.7155,4.7300,4.9998,-5.3731,3.5507,5.0034,-1.7100,4.9723,4.0917,-4.8072,3.0307,5.0034,-1.6177,4.9238,3.5791,-4.0720,2.6078,4.6272,-1.4798,4.7492,3.3835,-3.6191,2.2187,4.3975,-1.3725,4.7019,3.5671,-2.9803,1.8569,4.1371,-1.3085,4.7103,4.0050,-2.3354,1.5569,3.6850,-1.3170,4.4680,4.4937,-1.8855,1.3250,3.3420,-1.3292,4.0881,4.8383,-1.6199,1.1814,3.1754,-1.3060,4.0881,4.8383,-1.6199,1.1814,3.1754,-1.3060,4.0881,4.8383,-1.6199,1.1814,3.1754,-1.3060,4.0881,4.8383,-1.6199,1.1814,3.1754,-1.3060,4.0881,4.8383,-1.6199,1.1814,3.1754,-1.3060,4.0881,4.8383,-1.6199,1.1814,3.1754,-1.3060,4.0881,4.8383,-1.6199,1.1814,3.1754,-1.3060,4.0881,4.8383,-1.6199,1.1814,3.1754,-1.3060,4.0881,4.8383,-1.6199,1.1814,3.1754,-1.3060,4.0881,4.8383,-1.6199,1.1814,3.1754,-1.3060,4.0881,4.8383,-1.6199,1.1814,3.1754,-1.3060,4.0881,4.8383,-1.6199,1.1814,3.1754,-1.3060,4.0881,4.8383,-1.6199,1.1814,3.1754,-1.3060,4.0881,4.8383,-1.6199,1.1814,3.1754,-1.3060,4.0881,4.8383,-1.6199,1.1814,3.1754,-1.3060,4.0881,4.8383,-1.6199,1.1814,3.1754,-1.3060,4.0881,4.8383,-1.6199,1.1814,3.1754,-1.3060,4.0881,4.8383,-1.6199,1.1814,3.1754,-1.3060,4.0881,4.8383,-1.6199,1.1814,3.1754,-1.3060,4.0881,4.8383,-1.6199,1.1814,3.1754,-1.3060,4.0881,4.8383,-1.6199,1.1814,3.1754,-1.3060,4.0881,4.8383,-1.6199,1.1814,3.1754,-1.3060,4.0881,4.8383,-1.6199,1.1814,3.1754,-1.3060,4.0881,4.8383,-1.6199,1.1814,3.1754,-1.3060,4.0881,4.8383,-1.6199,1.1814,3.1754,-1.3060,4.0881,4.8383,-1.6199,1.1814,3.1754,-1.3060,4.0881,4.8383,-1.6199,1.1814,3.1754,-1.3060,4.0881,4.8383,-1.6199,1.1814,3.1754,-1.3060,4.0881,4.8383,-1.6199,1.1814,3.1754,-1.3060,4.0881,4.8383,-1.6199,1.1814,3.1754,-1.3060,4.0881,4.8383,-1.6199,1.1814,3.1754,-1.3060,4.0881,4.8383,-1.6199,1.1814,3.1754,-1.3060,4.0881,4.8383,-1.6199,1.1814,3.1754,-1.3060,4.0881,4.8383,-1.6199,1.1814,3.1754,-1.3060,4.0881,4.8383,-1.6199,1.1814,3.1754,-1.3060,4.0881,4.8383,-1.6199,1.1814,3.1754,-1.3060,4.0881,4.8383,-1.6199,1.1814,3.1754,-1.3060
BAD_LATERAL_RAISE,5.9306,4.3705,0.4307,1.9958,2.8550,-3.2263,5.2887,4.7360,0.2853,1.7518,2.9398,-2.8185,5.0471,4.9077,-0.8752,1.5867,2.3462,-2.6060,4.5846,5.0842,-0.5180,1.3819,1.3121,-2.4453,3.8746,5.0267,0.0790,1.2654,0.7917,-2.3040,3.0748,4.7294,0.0443,1.2091,0.9090,-2.1866,2.6405,4.2963,-0.0162,1.1753,1.2350,-2.0725,2.7069,3.8853,0.1992,1.0858,1.2998,-1.9030,3.1077,3.5994,0.3643,0.9661,1.1790,-1.7280,3.3637,3.4289,0.3864,0.8687,1.0715,-1.5641,3.4959,3.3410,0.5898,0.7695,1.0321,-1.4936,3.5791,3.2776,0.9111,0.6854,0.9488,-1.3633,3.6736,3.1478,1.0223,0.6266,0.7636,-1.2092,3.7077,2.9827,1.0881,0.5808,0.5195,-1.0382,3.6030,2.7470,1.0193,0.5177,0.3212,-0.8451,3.3176,2.5047,0.7005,0.4235,0.2036,-0.6735,3.0275,2.2702,0.3440,0.2856,0.1822,-0.4859,2.7643,2.0841,0.0706,0.1257,0.1901,-0.2848,2.6076,2.1368,-0.2154,-0.0425,0.2196,-0.0728,2.4897,2.0417,-0.3212,-0.2143,0.2866,0.1483,2.4927,2.2062,-0.2830,-0.3861,0.3627,0.3399,2.5884,2.5095,-0.1448,-0.5098,0.4458,0.5226,2.6859,2.7996,-0.1651,-0.5971,0.5200,0.7045,2.8050,3.0179,-0.4128,-0.6677,0.5718,0.9103,2.9270,3.2668,-0.7831,-0.7312,0.5964,1.0959,2.9288,3.4122,-1.2987,-0.8010,0.5945,1.2766,2.8660,3.4851,-1.9513,-0.8932,0.5855,1.4801,2.8241,3.6042,-2.2881,-1.0143,0.5832,1.7220,2.7954,3.8004,-2.5609,-1.1664,0.5912,1.9418,2.8606,4.1348,-2.6501,-1.3570,0.6070,2.1560,2.9809,4.5858,-2.5926,-1.5432,0.6231,2.3732,2.9809,4.5858,-2.5926,-1.5432,0.6231,2.3732,2.9809,4.5858,-2.5926,-1.5432,0.6231,2.3732,2.9809,4.5858,-2.5926,-1.5432,0.6231,2.3732,2.9809,4.5858,-2.5926,-1.5432,0.6231,2.3732,2.9809,4.5858,-2.5926,-1.5432,0.6231,2.3732,2.9809,4.5858,-2.5926,-1.5432,0.6231,2.3732,2.9809,4.5858,-2.5926,-1.5432,0.6231,2.3732,2.9809,4.5858,-2.5926,-1.5432,0.6231,2.3732,2.9809,4.5858,-2.5926,-1.5432,0.6231,2.3732,2.9809,4.5858,-2.5926,-1.5432,0.6231,2.3732,2.9809,4.5858,-2.5926,-1.5432,0.6231,2.3732,2.9809,4.5858,-2.5926,-1.5432,0.6231,2.3732,2.9809,4.5858,-2.5926,-1.5432,0.6231,2.3732,2.9809,4.5858,-2.5926,-1.5432,0.6231,2.3732,2.9809,4.5858,-2.5926,-1.5432,0.6231,2.3732,2.9809,4.5858,-2.5926,-1.5432,0.6231,2.3732,2.9809,4.5858,-2.5926,-1.5432,0.6231,2.3732,2.9809,4.5858,-2.5926,-1.5432,0.6231,2.3732,2.9809,4.5858,-2.5926,-1.5432,0.6231,2.3732
BAD_LATERAL_RAISE,-0.4235,10.1599,-0.5462,3.7448,5.0034,-0.4487,-0.1125,9.6844,-0.2608,3.7193,5.0034,-0.7701,0.1208,9.1663,-0.7675,3.7174,5.0034,-1.1093,0.3840,8.4341,-1.7533,3.6896,5.0034,-1.3386,0.7555,7.6857,-2.6357,3.5647,5.0034,-1.5557,1.1791,6.8411,-3.1167,3.4019,5.0034,-1.7711,1.7300,5.8606,-3.5671,3.2255,5.0034,-1.9497,2.9737,5.0243,-4.1031,3.0045,5.0034,-2.0226,4.0690,4.0301,-4.3848,2.6654,5.0034,-1.9413,4.9149,3.3021,-3.7801,2.2811,5.0034,-1.8062,5.4820,2.8887,-2.9127,1.8809,5.0034,-1.6573,5.9366,2.6800,-2.6447,1.4664,4.8243,-1.5030,6.2279,2.8187,-2.2170,1.0528,3.9283,-1.3680,6.0323,3.1813,-1.7737,0.7086,2.9690,-1.2272,5.5525,3.6520,-1.3513,0.5078,2.2684,-1.0759,5.0889,4.0756,-0.9422,0.3627,1.8271,-0.9274,4.7234,4.3376,-0.7292,0.2647,1.4195,-0.7822,4.4518,4.5141,-0.5145,0.1666,1.0301,-0.6584,4.4518,4.5141,-0.5145,0.1666,1.0301,-0.6584,4.4518,4.5141,-0.5145,0.1666,1.0301,-0.6584,4.4518,4.5141,-0.5145,0.1666,1.0301,-0.6584,4.4518,4.5141,-0.5145,0.1666,1.0301,-0.6584,4.4518,4.5141,-0.5145,0.1666,1.0301,-0.6584,4.4518,4.5141,-0.5145,0.1666,1.0301,-0.6584,4.4518,4.5141,-0.5145,0.1666,1.0301,-0.6584,4.4518,4.5141,-0.5145,0.1666,1.0301,-0.6584,4.4518,4.5141,-0.5145,0.1666,1.0301,-0.6584,4.4518,4.5141,-0.5145,0.1666,1.0301,-0.6584,4.4518,4.5141,-0.5145,0.1666,1.0301,-0.6584,4.4518,4.5141,-0.5145,0.1666,1.0301,-0.6584,4.4518,4.5141,-0.5145,0.1666,1.0301,-0.6584,4.4518,4.5141,-0.5145,0.1666,1.0301,-0.6584,4.4518,4.5141,-0.5145,0.1666,1.0301,-0.6584,4.4518,4.5141,-0.5145,0.1666,1.0301,-0.6584,4.4518,4.5141,-0.5145,0.1666,1.0301,-0.6584,4.4518,4.5141,-0.5145,0.1666,1.0301,-0.6584,4.4518,4.5141,-0.5145,0.1666,1.0301,-0.6584,4.4518,4.5141,-0.5145,0.1666,1.0301,-0.6584,4.4518,4.5141,-0.5145,0.1666,1.0301,-0.6584,4.4518,4.5141,-0.5145,0.1666,1.0301,-0.6584,4.4518,4.5141,-0.5145,0.1666,1.0301,-0.6584,4.4518,4.5141,-0.5145,0.1666,1.0301,-0.6584,4.4518,4.5141,-0.5145,0.1666,1.0301,-0.6584,4.4518,4.5141,-0.5145,0.1666,1.0301,-0.6584,4.4518,4.5141,-0.5145,0.1666,1.0301,-0.6584,4.4518,4.5141,-0.5145,0.1666,1.0301,-0.6584,4.4518,4.5141,-0.5145,0.1666,1.0301,-0.6584,4.4518,4.5141,-0.5145,0.1666,1.0301,-0.6584,4.4518,4.5141,-0.5145,0.1666,1.0301,-0.6584,4.4518,4.5141,-0.5145,0.1666,1.0301,-0.6584
BAD_LATERAL_RAISE,6.9177,13.5996,3.0024,-1.9870,0.3931,3.2080,4.6923,13.8885,8.2373,-1.8612,-0.6639,3.2654,-1.6092,16.7282,19.5996,-2.1597,-1.8607,2.8517,-4.4824,18.2907,19.5996,-2.1660,-4.8562,1.9086,2.0177,15.9099,-0.7029,-0.7869,1.8514,0.2879,7.9866,12.4792,-14.5669,-1.4427,5.0034,-0.7424,13.1916,14.3085,9.0808,-1.5401,5.0034,-1.0602,14.3324,19.5996,2.8110,4.8060,5.0034,-1.1130,19.5996,9.9637,-19.5996,4.0644,5.0034,-0.5212,19.1952,2.5645,-10.2640,1.8746,-4.9897,1.0278,16.6905,1.7970,4.2000,0.5498,-4.5784,2.0470,13.7647,1.1228,-2.4921,-0.4501,-0.1967,2.3298,15.6347,3.5527,-7.6415,-0.8482,-1.1231,2.5374,16.0301,6.6353,-9.4570,-0.9273,-5.0042,2.5661,16.0301,6.6353,-9.4570,-0.9273,-5.0042,2.5661,16.0301,6.6353,-9.4570,-0.9273,-5.0042,2.5661,16.0301,6.6353,-9.4570,-0.9273,-5.0042,2.5661,16.0301,6.6353,-9.4570,-0.9273,-5.0042,2.5661,16.0301,6.6353,-9.4570,-0.9273,-5.0042,2.5661,16.0301,6.6353,-9.4570,-0.9273,-5.0042,2.5661,16.0301,6.6353,-9.4570,-0.9273,-5.0042,2.5661,16.0301,6.6353,-9.4570,-0.9273,-5.0042,2.5661,16.0301,6.6353,-9.4570,-0.9273,-5.0042,2.5661,16.0301,6.6353,-9.4570,-0.9273,-5.0042,2.5661,16.0301,6.6353,-9.4570,-0.9273,-5.0042,2.5661,16.0301,6.6353,-9.4570,-0.9273,-5.0042,2.5661,16.0301,6.6353,-9.4570,-0.9273,-5.0042,2.5661,16.0301,6.6353,-9.4570,-0.9273,-5.0042,2.5661,16.0301,6.6353,-9.4570,-0.9273,-5.0042,2.5661,16.0301,6.6353,-9.4570,-0.9273,-5.0042,2.5661,16.0301,6.6353,-9.4570,-0.9273,-5.0042,2.5661,16.0301,6.6353,-9.4570,-0.9273,-5.0042,2.5661,16.0301,6.6353,-9.4570,-0.9273,-5.0042,2.5661,16.0301,6.6353,-9.4570,-0.9273,-5.0042,2.5661,16.0301,6.6353,-9.4570,-0.9273,-5.0042,2.5661,16.0301,6.6353,-9.4570,-0.9273,-5.0042,2.5661,16.0301,6.6353,-9.4570,-0.9273,-5.0042,2.5661,16.0301,6.6353,-9.4570,-0.9273,-5.0042,2.5661,16.0301,6.6353,-9.4570,-0.9273,-5.0042,2.5661,16.0301,6.6353,-9.4570,-0.9273,-5.0042,2.5661,16.0301,6.6353,-9.4570,-0.9273,-5.0042,2.5661,16.0301,6.6353,-9.4570,-0.9273,-5.0042,2.5661,16.0301,6.6353,-9.4570,-0.9273,-5.0042,2.5661,16.0301,6.6353,-9.4570,-0.9273,-5.0042,2.5661,16.0301,6.6353,-9.4570,-0.9273,-5.0042,2.5661,16.0301,6.6353,-9.4570,-0.9273,-5.0042,2.5661,16.0301,6.6353,-9.4570,-0.9273,-5.0042,2.5661,16.0301,6.6353,-9.4570,-0.9273,-5.0042,2.5661,16.0301,6.6353,-9.4570,-0.9273,-5.0042,2.5661,16.0301,6.6353,-9.4570,-0.9273,-5.0042,2.5661
BAD_LATERAL_RAISE,2.8642,4.2078,-5.8845,3.4389,5.0034,-4.2263,3.6903,2.5908,-6.6939,2.8097,5.0034,-4.5922,6.3817,5.4562,0.8859,-0.3771,-1.4468,-1.8355,4.3878,5.6100,1.8413,-0.2454,-1.1982,-1.6539,3.1256,5.3492,1.2150,-0.0472,-0.8111,-1.5302,2.4766,4.9711,0.8160,0.1396,-0.7963,-1.4192,2.0925,4.5894,1.0026,0.2292,-0.8619,-1.3091,1.8251,4.1270,0.8913,0.2830,-0.7010,-1.1916,1.7013,3.5180,0.2794,0.2755,-0.2726,-1.0421,1.7743,2.9701,-0.1992,0.1959,0.0559,-0.8755,2.1081,2.6130,-0.5773,0.1121,0.1318,-0.6868,1.9986,2.4078,-0.9159,0.0101,0.0107,-0.4366,2.1960,2.3300,-1.2162,-0.0693,-0.1000,-0.1371,2.2265,2.4646,-1.0983,-0.1720,-0.0376,0.0396,2.1003,2.7936,-0.8279,-0.2048,0.2068,0.2150,2.1954,3.1035,-0.6927,-0.1723,0.5020,0.4275,2.5573,3.3625,-0.7675,-0.0889,0.6984,0.6804,3.0245,3.4241,-0.9948,0.0006,0.7445,0.8651,3.2770,3.3422,-1.3053,0.1095,0.7100,1.0180,3.4092,3.2082,-1.7157,0.1988,0.6710,1.1791,3.4780,3.0503,-2.3103,0.2471,0.6632,1.4230,3.6598,2.9342,-2.7404,0.2309,0.6468,1.6385,4.0074,2.9695,-2.8277,0.1475,0.5641,1.8662,4.4004,3.1561,-2.6453,0.0021,0.4409,2.0844,4.7198,3.5115,-2.6034,-0.1150,0.3004,2.2936,4.9131,4.0475,-2.3904,-0.1998,0.1374,2.5401,5.0369,4.6038,-2.4203,-0.2462,-0.0951,2.7819,5.0369,4.6038,-2.4203,-0.2462,-0.0951,2.7819,5.0369,4.6038,-2.4203,-0.2462,-0.0951,2.7819,5.0369,4.6038,-2.4203,-0.2462,-0.0951,2.7819,5.0369,4.6038,-2.4203,-0.2462,-0.0951,2.7819,5.0369,4.6038,-2.4203,-0.2462,-0.0951,2.7819,5.0369,4.6038,-2.4203,-0.2462,-0.0951,2.7819,5.0369,4.6038,-2.4203,-0.2462,-0.0951,2.7819,5.0369,4.6038,-2.4203,-0.2462,-0.0951,2.7819,5.0369,4.6038,-2.4203,-0.2462,-0.0951,2.7819,5.0369,4.6038,-2.4203,-0.2462,-0.0951,2.7819,5.0369,4.6038,-2.4203,-0.2462,-0.0951,2.7819,5.0369,4.6038,-2.4203,-0.2462,-0.0951,2.7819,5.0369,4.6038,-2.4203,-0.2462,-0.0951,2.7819,5.0369,4.6038,-2.4203,-0.2462,-0.0951,2.7819,5.0369,4.6038,-2.4203,-0.2462,-0.0951,2.7819,5.0369,4.6038,-2.4203,-0.2462,-0.0951,2.7819,5.0369,4.6038,-2.4203,-0.2462,-0.0951,2.7819,5.0369,4.6038,-2.4203,-0.2462,-0.0951,2.7819,5.0369,4.6038,-2.4203,-0.2462,-0.0951,2.7819,5.0369,4.6038,-2.4203,-0.2462,-0.0951,2.7819,5.0369,4.6038,-2.4203,-0.2462,-0.0951,2.7819,5.0369,4.6038,-2.4203,-0.2462,-0.0951,2.7819,5.0369,4.6038,-2.4203,-0.2462,-0.0951,2.7819
BAD_LATERAL_RAISE,-2.3019,13.7037,-2.9545,4.4729,5.0034,0.5956,-1.8054,12.2967,-3.8949,4.4497,5.0034,0.0276,-1.1719,10.8580,-4.3184,4.3982,5.0034,-0.6066,-0.1101,9.6604,-4.4710,4.3654,5.0034,-1.1481,1.0265,8.2863,-5.6010,4.2585,5.0034,-1.7000,2.0560,6.8919,-6.1256,4.0378,5.0034,-2.2538,3.4038,5.9462,-4.3376,3.7748,5.0034,-2.8700,6.3356,8.3797,-1.5302,4.4697,5.0034,-3.3831,8.9785,5.1123,-7.3316,4.3578,5.0034,-3.6035,11.8887,0.6820,-8.9151,2.7188,5.0034,-3.2464,12.6730,-0.7196,-1.9567,1.4343,2.4283,-2.6437,12.2273,2.0853,2.4245,0.8954,2.3564,-2.2329,10.5673,3.9852,-1.1396,0.6877,1.4343,-1.8311,9.2465,5.4054,-1.2054,0.4861,-1.2934,-1.4526,9.2465,5.4054,-1.2054,0.4861,-1.2934,-1.4526,9.2465,5.4054,-1.2054,0.4861,-1.2934,-1.4526,9.2465,5.4054,-1.2054,0.4861,-1.2934,-1.4526,9.2465,5.4054,-1.2054,0.4861,-1.2934,-1.4526,9.2465,5.4054,-1.2054,0.4861,-1.2934,-1.4526,9.2465,5.4054,-1.2054,0.4861,-1.2934,-1.4526,9.2465,5.4054,-1.2054,0.4861,-1.2934,-1.4526,9.2465,5.4054,-1.2054,0.4861,-1.2934,-1.4526,9.2465,5.4054,-1.2054,0.4861,-1.2934,-1.4526,9.2465,5.4054,-1.2054,0.4861,-1.2934,-1.4526,9.2465,5.4054,-1.2054,0.4861,-1.2934,-1.4526,9.2465,5.4054,-1.2054,0.4861,-1.2934,-1.4526,9.2465,5.4054,-1.2054,0.4861,-1.2934,-1.4526,9.2465,5.4054,-1.2054,0.4861,-1.2934,-1.4526,9.2465,5.4054,-1.2054,0.4861,-1.2934,-1.4526,9.2465,5.4054,-1.2054,0.4861,-1.2934,-1.4526,9.2465,5.4054,-1.2054,0.4861,-1.2934,-1.4526,9.2465,5.4054,-1.2054,0.4861,-1.2934,-1.4526,9.2465,5.4054,-1.2054,0.4861,-1.2934,-1.4526,9.2465,5.4054,-1.2054,0.4861,-1.2934,-1.4526,9.2465,5.4054,-1.2054,0.4861,-1.2934,-1.4526,9.2465,5.4054,-1.2054,0.4861,-1.2934,-1.4526,9.2465,5.4054,-1.2054,0.4861,-1.2934,-1.4526,9.2465,5.4054,-1.2054,0.4861,-1.2934,-1.4526,9.2465,5.4054,-1.2054,0.4861,-1.2934,-1.4526,9.2465,5.4054,-1.2054,0.4861,-1.2934,-1.4526,9.2465,5.4054,-1.2054,0.4861,-1.2934,-1.4526,9.2465,5.4054,-1.2054,0.4861,-1.2934,-1.4526,9.2465,5.4054,-1.2054,0.4861,-1.2934,-1.4526,9.2465,5.4054,-1.2054,0.4861,-1.2934,-1.4526,9.2465,5.4054,-1.2054,0.4861,-1.2934,-1.4526,9.2465,5.4054,-1.2054,0.4861,-1.2934,-1.4526,9.2465,5.4054,-1.2054,0.4861,-1.2934,-1.4526,9.2465,5.4054,-1.2054,0.4861,-1.2934,-1.4526,9.2465,5.4054,-1.2054,0.4861,-1.2934,-1.4526,9.2465,5.4054,-1.2054,0.4861,-1.2934,-1.4526
BAD_LATERAL_RAISE,0.8961,8.6070,-0.4301,3.2159,5.0034,-0.9794,0.8590,7.7103,-1.1294,3.1577,5.0034,-1.2485,0.9757,6.8554,-1.7204,2.9870,5.0034,-1.4668,1.2843,6.1938,-2.0788,2.7863,5.0034,-1.6603,1.6056,5.6249,-2.1589,2.5659,5.0034,-1.8302,2.0411,5.2086,-2.5376,2.3275,5.0034,-1.9415,2.6381,4.8556,-2.7027,2.0537,5.0034,-2.0004,3.4181,4.5182,-2.9779,1.7984,5.0034,-1.9887,4.2520,3.9302,-2.9916,1.4675,5.0034,-1.9001,4.8879,3.3176,-2.4329,1.1303,4.9972,-1.7404,5.2217,3.1005,-1.5799,0.7892,4.3419,-1.5646,5.3940,3.1860,-1.0331,0.4991,3.8376,-1.3653,5.5896,3.5713,-0.8231,0.2130,3.2518,-1.1608,5.7882,4.2562,-0.7633,-0.0762,2.4778,-0.9232,5.4718,4.8987,-0.4325,-0.2966,1.5676,-0.7100,5.4718,4.8987,-0.4325,-0.2966,1.5676,-0.7100,5.4718,4.8987,-0.4325,-0.2966,1.5676,-0.7100,5.4718,4.8987,-0.4325,-0.2966,1.5676,-0.7100,5.4718,4.8987,-0.4325,-0.2966,1.5676,-0.7100,5.4718,4.8987,-0.4325,-0.2966,1.5676,-0.7100,5.4718,4.8987,-0.4325,-0.2966,1.5676,-0.7100,5.4718,4.8987,-0.4325,-0.2966,1.5676,-0.7100,5.4718,4.8987,-0.4325,-0.2966,1.5676,-0.7100,5.4718,4.8987,-0.4325,-0.2966,1.5676,-0.7100,5.4718,4.8987,-0.4325,-0.2966,1.5676,-0.7100,5.4718,4.8987,-0.4325,-0.2966,1.5676,-0.7100,5.4718,4.8987,-0.4325,-0.2966,1.5676,-0.7100,5.4718,4.8987,-0.4325,-0.2966,1.5676,-0.7100,5.4718,4.8987,-0.4325,-0.2966,1.5676,-0.7100,5.4718,4.8987,-0.4325,-0.2966,1.5676,-0.7100,5.4718,4.8987,-0.4325,-0.2966,1.5676,-0.7100,5.4718,4.8987,-0.4325,-0.2966,1.5676,-0.7100,5.4718,4.8987,-0.4325,-0.2966,1.5676,-0.7100,5.4718,4.8987,-0.4325,-0.2966,1.5676,-0.7100,5.4718,4.8987,-0.4325,-0.2966,1.5676,-0.7100,5.4718,4.8987,-0.4325,-0.2966,1.5676,-0.7100,5.4718,4.8987,-0.4325,-0.2966,1.5676,-0.7100,5.4718,4.8987,-0.4325,-0.2966,1.5676,-0.7100,5.4718,4.8987,-0.4325,-0.2966,1.5676,-0.7100,5.4718,4.8987,-0.4325,-0.2966,1.5676,-0.7100,5.4718,4.8987,-0.4325,-0.2966,1.5676,-0.7100,5.4718,4.8987,-0.4325,-0.2966,1.5676,-0.7100,5.4718,4.8987,-0.4325,-0.2966,1.5676,-0.7100,5.4718,4.8987,-0.4325,-0.2966,1.5676,-0.7100,5.4718,4.8987,-0.4325,-0.2966,1.5676,-0.7100,5.4718,4.8987,-0.4325,-0.2966,1.5676,-0.7100,5.4718,4.8987,-0.4325,-0.2966,1.5676,-0.7100,5.4718,4.8987,-0.4325,-0.2966,1.5676,-0.7100,5.4718,4.8987,-0.4325,-0.2966,1.5676,-0.7100,5.4718,4.8987,-0.4325,-0.2966,1.5676,-0.7100
BAD_LATERAL_RAISE,5.3031,5.0465,-1.8090,0.2100,3.7338,-2.1360,5.5681,5.2205,-1.3789,0.0359,3.1960,-1.9369,5.5777,5.3731,-1.1755,-0.0525,2.6166,-1.7466,5.4359,5.4168,-1.0929,-0.0553,2.0667,-1.5701,5.1129,5.2493,-1.1348,-0.0226,1.5986,-1.3448,4.7474,4.9161,-1.3633,-0.0053,1.1196,-1.1674,4.4429,4.5589,-1.6169,-0.0122,0.7173,-0.9516,4.1354,4.1145,-1.8550,-0.0571,0.3433,-0.7306,3.8728,3.7083,-1.9663,-0.1466,0.0131,-0.5063,3.6742,3.4516,-1.7581,-0.2758,-0.3022,-0.2627,3.5402,3.4439,-1.3388,-0.4560,-0.4887,-0.0556,3.4164,3.6820,-0.9182,-0.5469,-0.5670,0.1303,3.2357,4.0092,-0.7011,-0.6142,-0.5489,0.2781,3.0514,4.4351,-0.5952,-0.6597,-0.5000,0.4389,2.8828,4.7013,-0.7137,-0.6628,-0.4326,0.6177,2.8828,4.7013,-0.7137,-0.6628,-0.4326,0.6177,2.8828,4.7013,-0.7137,-0.6628,-0.4326,0.6177,2.8828,4.7013,-0.7137,-0.6628,-0.4326,0.6177,2.8828,4.7013,-0.7137,-0.6628,-0.4326,0.6177,2.8828,4.7013,-0.7137,-0.6628,-0.4326,0.6177,2.8828,4.7013,-0.7137,-0.6628,-0.4326,0.6177,2.8828,4.7013,-0.7137,-0.6628,-0.4326,0.6177,2.8828,4.7013,-0.7137,-0.6628,-0.4326,0.6177,2.8828,4.7013,-0.7137,-0.6628,-0.4326,0.6177,2.8828,4.7013,-0.7137,-0.6628,-0.4326,0.6177,2.8828,4.7013,-0.7137,-0.6628,-0.4326,0.6177,2.8828,4.7013,-0.7137,-0.6628,-0.4326,0.6177,2.8828,4.7013,-0.7137,-0.6628,-0.4326,0.6177,2.8828,4.7013,-0.7137,-0.6628,-0.4326,0.6177,2.8828,4.7013,-0.7137,-0.6628,-0.4326,0.6177,2.8828,4.7013,-0.7137,-0.6628,-0.4326,0.6177,2.8828,4.7013,-0.7137,-0.6628,-0.4326,0.6177,2.8828,4.7013,-0.7137,-0.6628,-0.4326,0.6177,2.8828,4.7013,-0.7137,-0.6628,-0.4326,0.6177,2.8828,4.7013,-0.7137,-0.6628,-0.4326,0.6177,2.8828,4.7013,-0.7137,-0.6628,-0.4326,0.6177,2.8828,4.7013,-0.7137,-0.6628,-0.4326,0.6177,2.8828,4.7013,-0.7137,-0.6628,-0.4326,0.6177,2.8828,4.7013,-0.7137,-0.6628,-0.4326,0.6177,2.8828,4.7013,-0.7137,-0.6628,-0.4326,0.6177,2.8828,4.7013,-0.7137,-0.6628,-0.4326,0.6177,2.8828,4.7013,-0.7137,-0.6628,-0.4326,0.6177,2.8828,4.7013,-0.7137,-0.6628,-0.4326,0.6177,2.8828,4.7013,-0.7137,-0.6628,-0.4326,0.6177,2.8828,4.7013,-0.7137,-0.6628,-0.4326,0.6177,2.8828,4.7013,-0.7137,-0.6628,-0.4326,0.6177,2.8828,4.7013,-0.7137,-0.6628,-0.4326,0.6177,2.8828,4.7013,-0.7137,-0.6628,-0.4326,0.6177,2.8828,4.7013,-0.7137,-0.6628,-0.4326,0.6177,2.8828,4.7013,-0.7137,-0.6628,-0.4326,0.6177
BAD_LATERAL_RAISE,0.1992,9.7932,-2.4718,4.5821,2.7193,-1.7514,-0.4044,9.1813,-3.2363,4.4801,3.3535,-1.8920,-0.6335,8.6560,-3.6849,4.3177,3.9590,-2.0386,-0.4439,8.0865,-4.0014,4.1814,4.5714,-2.2038,-0.0353,7.4459,-4.0947,4.0496,5.0034,-2.4059,0.4762,6.5420,-4.1599,3.9250,5.0034,-2.6928,0.9320,5.7135,-4.2174,3.7283,5.0034,-2.9810,1.1719,4.8425,-4.4010,3.5281,5.0034,-3.2451,1.4710,4.0170,-4.4967,3.2171,5.0034,-3.4422,2.0231,3.2225,-4.4776,2.8268,5.0034,-3.5949,3.3039,2.5460,-3.8572,2.3117,5.0034,-3.6255,5.1338,2.2062,-3.5019,1.8046,5.0034,-3.4595,6.3721,1.8144,-3.9362,1.4164,5.0034,-3.1336,6.7645,1.4554,-3.1872,1.0133,5.0034,-2.7478,7.0128,1.2150,-1.7886,0.5901,4.9633,-2.3801,7.3005,1.2024,-1.1360,0.2017,4.1956,-1.9809,7.3460,1.3681,-0.6150,-0.0055,2.9215,-1.5621,6.9763,1.6624,0.3069,-0.1008,1.7434,-1.1921,6.2357,2.0058,1.3065,-0.1118,1.0458,-0.8606,5.1302,2.1057,1.3759,-0.0451,0.6069,-0.5977,4.2245,1.9968,0.8148,0.0643,0.2272,-0.2949,3.5599,1.7605,0.2782,0.1329,-0.1604,0.0293,3.1149,1.5278,0.0897,0.1474,-0.4236,0.3644,2.9725,1.2544,-0.0497,0.1174,-0.4427,0.6038,3.0586,1.1803,0.1430,0.0556,-0.2152,0.8094,3.3613,1.3149,0.3224,-0.0061,0.0938,0.9945,3.8632,1.5942,0.2333,-0.0425,0.3412,1.1787,4.3693,1.9956,-0.1262,-0.0463,0.4158,1.3757,4.6983,2.3085,-0.5647,-0.0124,0.3563,1.5441,4.6959,2.5974,-1.0289,0.0603,0.3254,1.7126,4.4943,2.8313,-1.6110,0.1277,0.4042,1.8563,4.2568,3.0425,-2.1559,0.1950,0.5602,2.0470,4.3831,3.3643,-2.1577,0.1950,0.7611,2.2191,4.8646,3.9936,-1.7689,0.1994,1.0201,2.3063,5.4281,4.7856,-1.3502,0.2092,1.3824,2.3179,5.4281,4.7856,-1.3502,0.2092,1.3824,2.3179,5.4281,4.7856,-1.3502,0.2092,1.3824,2.3179,5.4281,4.7856,-1.3502,0.2092,1.3824,2.3179,5.4281,4.7856,-1.3502,0.2092,1.3824,2.3179,5.4281,4.7856,-1.3502,0.2092,1.3824,2.3179,5.4281,4.7856,-1.3502,0.2092,1.3824,2.3179,5.4281,4.7856,-1.3502,0.2092,1.3824,2.3179,5.4281,4.7856,-1.3502,0.2092,1.3824,2.3179,5.4281,4.7856,-1.3502,0.2092,1.3824,2.3179,5.4281,4.7856,-1.3502,0.2092,1.3824,2.3179,5.4281,4.7856,-1.3502,0.2092,1.3824,2.3179,5.4281,4.7856,-1.3502,0.2092,1.3824,2.3179,5.4281,4.7856,-1.3502,0.2092,1.3824,2.3179,5.4281,4.7856,-1.3502,0.2092,1.3824,2.3179,5.4281,4.7856,-1.3502,0.2092,1.3824,2.3179
BAD_LATERAL_RAISE,-4.2933,11.9922,-1.0845,4.0247,3.2913,1.2259,-3.7765,11.5412,-2.2522,4.1120,4.2377,1.1044,-3.0903,10.9633,-2.8672,4.1724,5.0034,0.9181,-2.0889,10.2742,-3.8148,4.1893,5.0034,0.5411,-0.9829,9.2686,-4.5900,4.1643,5.0034,-0.0971,0.1914,8.1966,-4.8251,4.0914,5.0034,-0.7730,1.1198,7.1079,-4.5840,4.0322,5.0034,-1.4395,1.8975,5.9898,-5.4012,3.9802,5.0034,-2.0989,2.5382,4.5613,-6.6497,3.7632,5.0034,-2.8130,3.1513,3.3852,-7.5876,3.3872,5.0034,-3.4047,3.6838,2.3533,-8.4335,2.7426,5.0034,-3.9297,10.0385,4.1444,-1.0828,2.3086,5.0034,-4.0261,11.6411,2.4742,-11.3043,2.1913,5.0034,-3.3178,10.3274,1.8443,-7.0953,1.5806,4.3086,-2.9044,9.6473,2.1619,-0.4038,0.8309,5.0034,-2.5094,9.1831,2.7876,-1.0283,0.4105,4.9917,-2.0041,8.3240,3.4265,-3.5139,0.1423,2.6130,-1.4555,6.8602,4.3250,-1.4447,-0.0735,0.3687,-0.9953,5.2774,5.1290,1.3627,-0.1348,0.0150,-0.7746,5.2774,5.1290,1.3627,-0.1348,0.0150,-0.7746,5.2774,5.1290,1.3627,-0.1348,0.0150,-0.7746,5.2774,5.1290,1.3627,-0.1348,0.0150,-0.7746,5.2774,5.1290,1.3627,-0.1348,0.0150,-0.7746,5.2774,5.1290,1.3627,-0.1348,0.0150,-0.7746,5.2774,5.1290,1.3627,-0.1348,0.0150,-0.7746,5.2774,5.1290,1.3627,-0.1348,0.0150,-0.7746,5.2774,5.1290,1.3627,-0.1348,0.0150,-0.7746,5.2774,5.1290,1.3627,-0.1348,0.0150,-0.7746,5.2774,5.1290,1.3627,-0.1348,0.0150,-0.7746,5.2774,5.1290,1.3627,-0.1348,0.0150,-0.7746,5.2774,5.1290,1.3627,-0.1348,0.0150,-0.7746,5.2774,5.1290,1.3627,-0.1348,0.0150,-0.7746,5.2774,5.1290,1.3627,-0.1348,0.0150,-0.7746,5.2774,5.1290,1.3627,-0.1348,0.0150,-0.7746,5.2774,5.1290,1.3627,-0.1348,0.0150,-0.7746,5.2774,5.1290,1.3627,-0.1348,0.0150,-0.7746,5.2774,5.1290,1.3627,-0.1348,0.0150,-0.7746,5.2774,5.1290,1.3627,-0.1348,0.0150,-0.7746,5.2774,5.1290,1.3627,-0.1348,0.0150,-0.7746,5.2774,5.1290,1.3627,-0.1348,0.0150,-0.7746,5.2774,5.1290,1.3627,-0.1348,0.0150,-0.7746,5.2774,5.1290,1.3627,-0.1348,0.0150,-0.7746,5.2774,5.1290,1.3627,-0.1348,0.0150,-0.7746,5.2774,5.1290,1.3627,-0.1348,0.0150,-0.7746,5.2774,5.1290,1.3627,-0.1348,0.0150,-0.7746,5.2774,5.1290,1.3627,-0.1348,0.0150,-0.7746,5.2774,5.1290,1.3627,-0.1348,0.0150,-0.7746,5.2774,5.1290,1.3627,-0.1348,0.0150,-0.7746,5.2774,5.1290,1.3627,-0.1348,0.0150,-0.7746,5.2774,5.1290,1.3627,-0.1348,0.0150,-0.7746
BAD_LATERAL_RAISE,0.0556,11.5645,-2.2152,3.9575,5.0034,-0.3902,0.6239,10.7384,-3.0574,3.9291,5.0034,-0.9227,1.1043,9.6066,-3.3769,3.8518,5.0034,-1.5429,1.6678,8.4419,-4.2084,3.7244,5.0034,-2.0879,2.1978,7.2730,-4.8568,3.4807,5.0034,-2.5902,2.8193,6.1651,-5.1069,3.1617,5.0034,-3.0479,3.5713,5.0626,-5.2654,2.7576,5.0034,-3.4825,5.5448,5.3539,-3.0598,2.4067,5.0034,-3.8007,9.5061,5.1942,-5.4371,2.2213,5.0034,-3.7315,10.2562,3.3942,-8.0931,1.4969,5.0034,-3.4880,9.8213,3.2154,-3.4989,0.8851,4.7874,-3.1715,9.2076,3.3404,-1.6056,0.4232,4.8239,-2.7600,8.7236,3.4152,-3.1645,-0.0075,3.7768,-2.3867,7.6110,3.8339,-3.7651,-0.4096,1.6915,-2.0331,5.8594,4.4734,-2.1990,-0.6410,0.1098,-1.7433,4.1127,4.9406,-1.0624,-0.7228,-0.3300,-1.4878,4.1127,4.9406,-1.0624,-0.7228,-0.3300,-1.4878,4.1127,4.9406,-1.0624,-0.7228,-0.3300,-1.4878,4.1127,4.9406,-1.0624,-0.7228,-0.3300,-1.4878,4.1127,4.9406,-1.0624,-0.7228,-0.3300,-1.4878,4.1127,4.9406,-1.0624,-0.7228,-0.3300,-1.4878,4.1127,4.9406,-1.0624,-0.7228,-0.3300,-1.4878,4.1127,4.9406,-1.0624,-0.7228,-0.3300,-1.4878,4.1127,4.9406,-1.0624,-0.7228,-0.3300,-1.4878,4.1127,4.9406,-1.0624,-0.7228,-0.3300,-1.4878,4.1127,4.9406,-1.0624,-0.7228,-0.3300,-1.4878,4.1127,4.9406,-1.0624,-0.7228,-0.3300,-1.4878,4.1127,4.9406,-1.0624,-0.7228,-0.3300,-1.4878,4.1127,4.9406,-1.0624,-0.7228,-0.3300,-1.4878,4.1127,4.9406,-1.0624,-0.7228,-0.3300,-1.4878,4.1127,4.9406,-1.0624,-0.7228,-0.3300,-1.4878,4.1127,4.9406,-1.0624,-0.7228,-0.3300,-1.4878,4.1127,4.9406,-1.0624,-0.7228,-0.3300,-1.4878,4.1127,4.9406,-1.0624,-0.7228,-0.3300,-1.4878,4.1127,4.9406,-1.0624,-0.7228,-0.3300,-1.4878,4.1127,4.9406,-1.0624,-0.7228,-0.3300,-1.4878,4.1127,4.9406,-1.0624,-0.7228,-0.3300,-1.4878,4.1127,4.9406,-1.0624,-0.7228,-0.3300,-1.4878,4.1127,4.9406,-1.0624,-0.7228,-0.3300,-1.4878,4.1127,4.9406,-1.0624,-0.7228,-0.3300,-1.4878,4.1127,4.9406,-1.0624,-0.7228,-0.3300,-1.4878,4.1127,4.9406,-1.0624,-0.7228,-0.3300,-1.4878,4.1127,4.9406,-1.0624,-0.7228,-0.3300,-1.4878,4.1127,4.9406,-1.0624,-0.7228,-0.3300,-1.4878,4.1127,4.9406,-1.0624,-0.7228,-0.3300,-1.4878,4.1127,4.9406,-1.0624,-0.7228,-0.3300,-1.4878,4.1127,4.9406,-1.0624,-0.7228,-0.3300,-1.4878,4.1127,4.9406,-1.0624,-0.7228,-0.3300,-1.4878,4.1127,4.9406,-1.0624,-0.7228,-0.3300,-1.4878,4.1127,4.9406,-1.0624,-0.7228,-0.3300,-1.4878
BAD_LATERAL_RAISE,-2.7793,9.3930,-2.7153,3.9182,5.0034,-0.0173,-2.5310,8.4251,-3.6897,3.8909,5.0034,-0.4797,-2.2134,7.2760,-3.8961,3.7481,5.0034,-1.0113,-1.6690,6.3936,-3.4289,3.5644,5.0034,-1.5128,-0.8758,5.9145,-3.4475,3.4176,5.0034,-1.8958,-0.1567,5.4861,-4.0899,3.2235,5.0034,-2.2701,0.3834,4.9789,-4.8568,2.9508,5.0034,-2.6205,0.8405,4.2951,-5.7015,2.6044,5.0034,-2.9630,1.2610,3.8632,-6.1322,2.2419,5.0034,-3.1944,1.6564,3.3697,-6.4899,1.8305,5.0034,-3.3868,3.2788,3.8243,-3.6497,1.5939,5.0034,-3.4774,7.1097,4.3872,-6.0431,1.8105,5.0034,-3.0504,6.9392,2.6847,-7.6828,1.6011,5.0034,-2.5705,6.5372,2.1637,-2.7009,1.3297,5.0024,-2.2739,6.6383,1.6098,-0.6275,1.0093,5.0034,-1.9360,6.8512,1.1785,-2.5149,0.6209,4.6346,-1.5314,6.5910,1.4979,-2.7721,0.1845,2.6657,-1.0487,5.8816,2.3539,-0.4409,-0.1849,1.3091,-0.6512,5.2313,3.4044,0.8871,-0.4206,1.2761,-0.3943,4.6409,4.1791,0.7567,-0.4523,1.4294,-0.2001,4.1958,4.6947,0.4510,-0.3282,1.0921,0.0133,4.1958,4.6947,0.4510,-0.3282,1.0921,0.0133,4.1958,4.6947,0.4510,-0.3282,1.0921,0.0133,4.1958,4.6947,0.4510,-0.3282,1.0921,0.0133,4.1958,4.6947,0.4510,-0.3282,1.0921,0.0133,4.1958,4.6947,0.4510,-0.3282,1.0921,0.0133,4.1958,4.6947,0.4510,-0.3282,1.0921,0.0133,4.1958,4.6947,0.4510,-0.3282,1.0921,0.0133,4.1958,4.6947,0.4510,-0.3282,1.0921,0.0133,4.1958,4.6947,0.4510,-0.3282,1.0921,0.0133,4.1958,4.6947,0.4510,-0.3282,1.0921,0.0133,4.1958,4.6947,0.4510,-0.3282,1.0921,0.0133,4.1958,4.6947,0.4510,-0.3282,1.0921,0.0133,4.1958,4.6947,0.4510,-0.3282,1.0921,0.0133,4.1958,4.6947,0.4510,-0.3282,1.0921,0.0133,4.1958,4.6947,0.4510,-0.3282,1.0921,0.0133,4.1958,4.6947,0.4510,-0.3282,1.0921,0.0133,4.1958,4.6947,0.4510,-0.3282,1.0921,0.0133,4.1958,4.6947,0.4510,-0.3282,1.0921,0.0133,4.1958,4.6947,0.4510,-0.3282,1.0921,0.0133,4.1958,4.6947,0.4510,-0.3282,1.0921,0.0133,4.1958,4.6947,0.4510,-0.3282,1.0921,0.0133,4.1958,4.6947,0.4510,-0.3282,1.0921,0.0133,4.1958,4.6947,0.4510,-0.3282,1.0921,0.0133,4.1958,4.6947,0.4510,-0.3282,1.0921,0.0133,4.1958,4.6947,0.4510,-0.3282,1.0921,0.0133,4.1958,4.6947,0.4510,-0.3282,1.0921,0.0133,4.1958,4.6947,0.4510,-0.3282,1.0921,0.0133,4.1958,4.6947,0.4510,-0.3282,1.0921,0.0133,4.1958,4.6947,0.4510,-0.3282,1.0921,0.0133
BAD_LATERAL_RAISE,-0.7214,10.3747,-0.2076,4.7229,5.0028,0.3338,-0.1579,9.9003,-0.5635,4.7128,5.0034,0.0954,0.2698,9.3482,-1.4351,4.6597,5.0034,-0.1436,0.8590,8.6124,-2.1254,4.5659,5.0034,-0.4299,1.7378,8.2038,-2.0177,4.4679,5.0034,-0.6912,2.3659,7.5021,-2.3031,4.3956,5.0034,-0.9887,2.8397,6.3679,-2.5525,4.2670,5.0034,-1.2581,3.4654,5.3079,-3.2345,4.0508,5.0034,-1.4374,4.2766,3.7944,-3.7926,3.6559,5.0034,-1.4204,4.8538,2.9210,-3.3763,3.1647,5.0034,-1.2793,5.3192,2.6010,-2.4652,2.7162,5.0034,-1.0930,5.7841,2.7709,-1.8604,2.2944,5.0016,-0.9345,6.1364,3.2524,-1.9795,1.9079,4.6446,-0.7844,6.1448,3.7807,-1.7007,1.5947,3.7263,-0.6448,5.6859,4.2592,-1.0552,1.3541,2.9960,-0.5061,5.1129,4.4818,-0.5318,1.2289,2.5543,-0.3865,4.5338,4.3992,-0.2578,1.1461,2.2542,-0.2891,3.9996,4.0756,-0.2405,1.0646,1.9519,-0.1706,3.5934,3.8177,-0.2722,0.9690,1.6060,-0.0373,3.2752,3.6114,-0.3494,0.8431,1.3439,0.0987,3.0114,3.5049,-0.5611,0.7048,1.1362,0.2450,2.6183,3.4062,-0.7777,0.5464,0.9332,0.4142,2.5448,3.3888,-0.9649,0.3702,0.6863,0.5811,2.4371,3.4660,-1.0181,0.1636,0.4795,0.7558,2.3821,3.6921,-1.0469,-0.0287,0.3181,0.9337,2.4042,4.0014,-1.0122,-0.2114,0.2094,1.1060,2.4694,4.3430,-0.8154,-0.3587,0.1170,1.2842,2.6620,4.6415,-0.6323,-0.4757,0.0316,1.4226,2.6620,4.6415,-0.6323,-0.4757,0.0316,1.4226,2.6620,4.6415,-0.6323,-0.4757,0.0316,1.4226,2.6620,4.6415,-0.6323,-0.4757,0.0316,1.4226,2.6620,4.6415,-0.6323,-0.4757,0.0316,1.4226,2.6620,4.6415,-0.6323,-0.4757,0.0316,1.4226,2.6620,4.6415,-0.6323,-0.4757,0.0316,1.4226,2.6620,4.6415,-0.6323,-0.4757,0.0316,1.4226,2.6620,4.6415,-0.6323,-0.4757,0.0316,1.4226,2.6620,4.6415,-0.6323,-0.4757,0.0316,1.4226,2.6620,4.6415,-0.6323,-0.4757,0.0316,1.4226,2.6620,4.6415,-0.6323,-0.4757,0.0316,1.4226,2.6620,4.6415,-0.6323,-0.4757,0.0316,1.4226,2.6620,4.6415,-0.6323,-0.4757,0.0316,1.4226,2.6620,4.6415,-0.6323,-0.4757,0.0316,1.4226,2.6620,4.6415,-0.6323,-0.4757,0.0316,1.4226,2.6620,4.6415,-0.6323,-0.4757,0.0316,1.4226,2.6620,4.6415,-0.6323,-0.4757,0.0316,1.4226,2.6620,4.6415,-0.6323,-0.4757,0.0316,1.4226,2.6620,4.6415,-0.6323,-0.4757,0.0316,1.4226,2.6620,4.6415,-0.6323,-0.4757,0.0316,1.4226,2.6620,4.6415,-0.6323,-0.4757,0.0316,1.4226,2.6620,4.6415,-0.6323,-0.4757,0.0316,1.4226
BAD_LATERAL_RAISE,0.1920,7.9609,-0.8297,2.9427,3.9341,-0.8809,0.5312,7.6654,-1.2209,2.9250,4.4802,-0.9893,0.9075,7.5081,-1.2718,2.9230,4.9906,-1.1681,1.0845,7.2700,-1.7450,2.9326,5.0034,-1.3589,1.1157,6.7184,-2.4538,2.9053,5.0034,-1.5264,1.3172,6.1178,-3.0640,2.8289,5.0034,-1.6220,1.5894,5.4718,-3.5707,2.6822,5.0034,-1.6884,2.0375,4.8048,-3.9607,2.5085,5.0034,-1.7371,2.9468,3.9362,-4.5153,2.2561,5.0034,-1.7252,3.9517,3.2351,-4.8903,1.9326,5.0034,-1.6490,4.5972,2.9378,-4.4411,1.5594,4.8041,-1.5247,5.3713,2.8959,-3.8841,1.2622,4.3863,-1.3758,6.3787,3.2022,-3.2554,0.9601,3.9634,-1.2100,7.3771,3.5079,-2.7505,0.6936,2.9259,-0.9749,7.7384,3.9541,-2.4867,0.4730,1.5805,-0.7285,7.3519,4.3579,-1.9801,0.3293,0.3888,-0.4724,6.5294,4.5852,-1.7258,0.1933,-0.4940,-0.2440,6.5294,4.5852,-1.7258,0.1933,-0.4940,-0.2440,6.5294,4.5852,-1.7258,0.1933,-0.4940,-0.2440,6.5294,4.5852,-1.7258,0.1933,-0.4940,-0.2440,6.5294,4.5852,-1.7258,0.1933,-0.4940,-0.2440,6.5294,4.5852,-1.7258,0.1933,-0.4940,-0.2440,6.5294,4.5852,-1.7258,0.1933,-0.4940,-0.2440,6.5294,4.5852,-1.7258,0.1933,-0.4940,-0.2440,6.5294,4.5852,-1.7258,0.1933,-0.4940,-0.2440,6.5294,4.5852,-1.7258,0.1933,-0.4940,-0.2440,6.5294,4.5852,-1.7258,0.1933,-0.4940,-0.2440,6.5294,4.5852,-1.7258,0.1933,-0.4940,-0.2440,6.5294,4.5852,-1.7258,0.1933,-0.4940,-0.2440,6.5294,4.5852,-1.7258,0.1933,-0.4940,-0.2440,6.5294,4.5852,-1.7258,0.1933,-0.4940,-0.2440,6.5294,4.5852,-1.7258,0.1933,-0.4940,-0.2440,6.5294,4.5852,-1.7258,0.1933,-0.4940,-0.2440,6.5294,4.5852,-1.7258,0.1933,-0.4940,-0.2440,6.5294,4.5852,-1.7258,0.1933,-0.4940,-0.2440,6.5294,4.5852,-1.7258,0.1933,-0.4940,-0.2440,6.5294,4.5852,-1.7258,0.1933,-0.4940,-0.2440,6.5294,4.5852,-1.7258,0.1933,-0.4940,-0.2440,6.5294,4.5852,-1.7258,0.1933,-0.4940,-0.2440,6.5294,4.5852,-1.7258,0.1933,-0.4940,-0.2440,6.5294,4.5852,-1.7258,0.1933,-0.4940,-0.2440,6.5294,4.5852,-1.7258,0.1933,-0.4940,-0.2440,6.5294,4.5852,-1.7258,0.1933,-0.4940,-0.2440,6.5294,4.5852,-1.7258,0.1933,-0.4940,-0.2440,6.5294,4.5852,-1.7258,0.1933,-0.4940,-0.2440,6.5294,4.5852,-1.7258,0.1933,-0.4940,-0.2440,6.5294,4.5852,-1.7258,0.1933,-0.4940,-0.2440,6.5294,4.5852,-1.7258,0.1933,-0.4940,-0.2440,6.5294,4.5852,-1.7258,0.1933,-0.4940,-0.2440,6.5294,4.5852,-1.7258,0.1933,-0.4940,-0.2440
BAD_LATERAL_RAISE,-3.8554,12.3051,-3.4367,4.1327,5.0034,0.4969,-2.5214,11.3198,-5.7482,4.1835,5.0034,0.1170,-1.3747,10.1073,-7.9573,4.1252,5.0034,-0.3838,-0.3075,9.1322,-8.8229,4.0021,5.0034,-0.7921,0.5868,8.1996,-8.9450,3.8582,5.0034,-1.2460,1.3238,7.1521,-8.9587,3.6782,5.0034,-1.7553,1.9137,5.9533,-9.2381,3.4741,5.0034,-2.2799,2.3611,4.6427,-9.7854,3.1956,5.0034,-2.8445,2.8732,3.5940,-9.9147,2.7903,5.0034,-3.2906,3.3589,2.8008,-9.5845,2.1878,5.0034,-3.6463,6.3296,4.6110,-2.9474,1.9450,5.0034,-3.7339,6.3296,4.6110,-2.9474,1.9450,5.0034,-3.7339,6.3296,4.6110,-2.9474,1.9450,5.0034,-3.7339,6.3296,4.6110,-2.9474,1.9450,5.0034,-3.7339,6.3296,4.6110,-2.9474,1.9450,5.0034,-3.7339,6.3296,4.6110,-2.9474,1.9450,5.0034,-3.7339,6.3296,4.6110,-2.9474,1.9450,5.0034,-3.7339,6.3296,4.6110,-2.9474,1.9450,5.0034,-3.7339,6.3296,4.6110,-2.9474,1.9450,5.0034,-3.7339,6.3296,4.6110,-2.9474,1.9450,5.0034,-3.7339,6.3296,4.6110,-2.9474,1.9450,5.0034,-3.7339,6.3296,4.6110,-2.9474,1.9450,5.0034,-3.7339,6.3296,4.6110,-2.9474,1.9450,5.0034,-3.7339,6.3296,4.6110,-2.9474,1.9450,5.0034,-3.7339,6.3296,4.6110,-2.9474,1.9450,5.0034,-3.7339,6.3296,4.6110,-2.9474,1.9450,5.0034,-3.7339,6.3296,4.6110,-2.9474,1.9450,5.0034,-3.7339,6.3296,4.6110,-2.9474,1.9450,5.0034,-3.7339,6.3296,4.6110,-2.9474,1.9450,5.0034,-3.7339,6.3296,4.6110,-2.9474,1.9450,5.0034,-3.7339,6.3296,4.6110,-2.9474,1.9450,5.0034,-3.7339,6.3296,4.6110,-2.9474,1.9450,5.0034,-3.7339,6.3296,4.6110,-2.9474,1.9450,5.0034,-3.7339,6.3296,4.6110,-2.9474,1.9450,5.0034,-3.7339,6.3296,4.6110,-2.9474,1.9450,5.0034,-3.7339,6.3296,4.6110,-2.9474,1.9450,5.0034,-3.7339,6.3296,4.6110,-2.9474,1.9450,5.0034,-3.7339,6.3296,4.6110,-2.9474,1.9450,5.0034,-3.7339,6.3296,4.6110,-2.9474,1.9450,5.0034,-3.7339,6.3296,4.6110,-2.9474,1.9450,5.0034,-3.7339,6.3296,4.6110,-2.9474,1.9450,5.0034,-3.7339,6.3296,4.6110,-2.9474,1.9450,5.0034,-3.7339,6.3296,4.6110,-2.9474,1.9450,5.0034,-3.7339,6.3296,4.6110,-2.9474,1.9450,5.0034,-3.7339,6.3296,4.6110,-2.9474,1.9450,5.0034,-3.7339,6.3296,4.6110,-2.9474,1.9450,5.0034,-3.7339,6.3296,4.6110,-2.9474,1.9450,5.0034,-3.7339,6.3296,4.6110,-2.9474,1.9450,5.0034,-3.7339,6.3296,4.6110,-2.9474,1.9450,5.0034,-3.7339,6.3296,4.6110,-2.9474,1.9450,5.0034,-3.7339
BAD_LATERAL_RAISE,9.2871,8.2427,-2.8857,1.0284,-1.0278,-3.8924,6.9625,8.7452,-1.4124,0.9956,-2.4320,-3.6582,4.7163,8.4084,-0.9111,1.0044,-2.5833,-3.5168,2.8971,7.5751,-1.3992,1.0037,-2.4118,-3.3964,1.4859,6.7902,-0.9655,1.0605,-2.3356,-3.2122,0.6257,6.0395,-0.2195,1.1843,-2.2628,-3.0073,0.2632,5.1978,0.1950,1.2856,-1.9474,-2.8205,-0.0724,4.4489,0.2106,1.3091,-1.3529,-2.6652,-0.3176,3.7968,-0.0096,1.2822,-0.6646,-2.4454,-0.3721,3.1011,-0.3392,1.2242,-0.0041,-2.2405,-0.1938,2.5854,-0.5641,1.1558,0.3900,-2.0331,-0.0658,2.0327,-0.8800,1.0817,0.6121,-1.8415,0.0903,1.5392,-1.0845,0.9812,0.7885,-1.6280,0.4181,1.1426,-1.3208,0.8906,1.0160,-1.3902,0.5055,0.9356,-1.4357,0.7943,1.2309,-1.2141,0.7651,0.8076,-1.3998,0.6738,1.5050,-1.0444,1.0510,0.7496,-1.4333,0.5533,1.8063,-0.8560,1.3603,0.8285,-1.3298,0.4436,2.0676,-0.6351,1.7833,1.0762,-0.8782,0.3722,2.2194,-0.4079,2.3073,1.3280,-0.7687,0.3832,2.1327,-0.1469,2.7523,1.4046,-1.0187,0.4229,1.8650,0.1164,3.0736,1.3633,-1.3466,0.4256,1.5487,0.4151,3.1711,1.4034,-1.3274,0.3852,1.2975,0.6523,3.1968,1.6128,-1.0439,0.3143,1.2199,0.9174,3.2626,1.8526,-0.9368,0.3361,1.1500,1.1828,3.3535,2.1583,-0.5557,0.3650,1.0902,1.4245,3.4050,2.3683,-0.4235,0.3905,1.0660,1.6814,3.3876,2.5149,-0.5569,0.4305,1.1197,1.9070,3.3852,2.6530,-0.7149,0.4632,1.1990,2.1502,3.4989,2.8026,-0.9888,0.4676,1.2998,2.4007,3.9266,3.0712,-1.3765,0.4439,1.4856,2.6889,4.8293,3.6957,-1.5990,0.3932,1.8607,2.8642,5.8546,4.4979,-1.6995,0.3557,2.3013,2.9725,6.9440,5.3982,-1.7515,0.3720,2.6826,3.0087,6.9440,5.3982,-1.7515,0.3720,2.6826,3.0087,6.9440,5.3982,-1.7515,0.3720,2.6826,3.0087,6.9440,5.3982,-1.7515,0.3720,2.6826,3.0087,6.9440,5.3982,-1.7515,0.3720,2.6826,3.0087,6.9440,5.3982,-1.7515,0.3720,2.6826,3.0087,6.9440,5.3982,-1.7515,0.3720,2.6826,3.0087,6.9440,5.3982,-1.7515,0.3720,2.6826,3.0087,6.9440,5.3982,-1.7515,0.3720,2.6826,3.0087,6.9440,5.3982,-1.7515,0.3720,2.6826,3.0087,6.9440,5.3982,-1.7515,0.3720,2.6826,3.0087,6.9440,5.3982,-1.7515,0.3720,2.6826,3.0087,6.9440,5.3982,-1.7515,0.3720,2.6826,3.0087,6.9440,5.3982,-1.7515,0.3720,2.6826,3.0087,6.9440,5.3982,-1.7515,0.3720,2.6826,3.0087,6.9440,5.3982,-1.7515,0.3720,2.6826,3.0087,6.9440,5.3982,-1.7515,0.3720,2.6826,3.0087
BAD_LATERAL_RAISE,-2.8983,13.7396,-1.6977,4.4966,5.0034,-2.3680,-1.2353,12.7047,-2.1811,4.4961,5.0034,-2.8529,0.1466,11.7517,-1.9125,4.4272,5.0034,-3.3014,1.1109,10.7970,-2.3988,4.3559,5.0034,-3.8288,1.9382,9.8423,-2.9521,4.1661,5.0034,-4.3106,2.6375,8.9605,-3.8620,3.8652,5.0034,-4.7217,3.3135,7.9597,-4.8628,3.4961,5.0034,-5.0027,4.3771,7.3316,-5.1835,3.0707,5.0034,-5.0042,7.7079,5.6243,-5.5837,2.4940,5.0034,-4.9873,8.8403,3.3488,-6.7155,1.4181,5.0034,-4.6479,9.4660,3.6891,-2.2887,0.7920,4.8782,-4.2499,9.6191,4.7306,-0.9194,0.5308,4.7125,-3.8387,9.6191,4.7306,-0.9194,0.5308,4.7125,-3.8387,9.6191,4.7306,-0.9194,0.5308,4.7125,-3.8387,9.6191,4.7306,-0.9194,0.5308,4.7125,-3.8387,9.6191,4.7306,-0.9194,0.5308,4.7125,-3.8387,9.6191,4.7306,-0.9194,0.5308,4.7125,-3.8387,9.6191,4.7306,-0.9194,0.5308,4.7125,-3.8387,9.6191,4.7306,-0.9194,0.5308,4.7125,-3.8387,9.6191,4.7306,-0.9194,0.5308,4.7125,-3.8387,9.6191,4.7306,-0.9194,0.5308,4.7125,-3.8387,9.6191,4.7306,-0.9194,0.5308,4.7125,-3.8387,9.6191,4.7306,-0.9194,0.5308,4.7125,-3.8387,9.6191,4.7306,-0.9194,0.5308,4.7125,-3.8387,9.6191,4.7306,-0.9194,0.5308,4.7125,-3.8387,9.6191,4.7306,-0.9194,0.5308,4.7125,-3.8387,9.6191,4.7306,-0.9194,0.5308,4.7125,-3.8387,9.6191,4.7306,-0.9194,0.5308,4.7125,-3.8387,9.6191,4.7306,-0.9194,0.5308,4.7125,-3.8387,9.6191,4.7306,-0.9194,0.5308,4.7125,-3.8387,9.6191,4.7306,-0.9194,0.5308,4.7125,-3.8387,9.6191,4.7306,-0.9194,0.5308,4.7125,-3.8387,9.6191,4.7306,-0.9194,0.5308,4.7125,-3.8387,9.6191,4.7306,-0.9194,0.5308,4.7125,-3.8387,9.6191,4.7306,-0.9194,0.5308,4.7125,-3.8387,9.6191,4.7306,-0.9194,0.5308,4.7125,-3.8387,9.6191,4.7306,-0.9194,0.5308,4.7125,-3.8387,9.6191,4.7306,-0.9194,0.5308,4.7125,-3.8387,9.6191,4.7306,-0.9194,0.5308,4.7125,-3.8387,9.6191,4.7306,-0.9194,0.5308,4.7125,-3.8387,9.6191,4.7306,-0.9194,0.5308,4.7125,-3.8387,9.6191,4.7306,-0.9194,0.5308,4.7125,-3.8387,9.6191,4.7306,-0.9194,0.5308,4.7125,-3.8387,9.6191,4.7306,-0.9194,0.5308,4.7125,-3.8387,9.6191,4.7306,-0.9194,0.5308,4.7125,-3.8387,9.6191,4.7306,-0.9194,0.5308,4.7125,-3.8387,9.6191,4.7306,-0.9194,0.5308,4.7125,-3.8387,9.6191,4.7306,-0.9194,0.5308,4.7125,-3.8387,9.6191,4.7306,-0.9194,0.5308,4.7125,-3.8387,9.6191,4.7306,-0.9194,0.5308,4.7125,-3.8387
BAD_LATERAL_RAISE,0.7107,8.7679,-1.9573,3.9627,3.4861,-0.5394,1.1133,8.7428,-2.4215,3.7984,3.9706,-0.6632,1.4154,8.2247,-2.8792,3.6507,4.4695,-0.8459,1.7910,7.3633,-2.9324,3.5433,4.9486,-1.0476,2.2307,6.6664,-2.6040,3.4474,5.0034,-1.2648,2.4796,5.9486,-2.2648,3.3533,5.0034,-1.5174,2.5729,5.1206,-2.4138,3.1881,5.0034,-1.7323,2.5854,4.2838,-3.1220,2.8987,5.0034,-1.8460,2.5244,3.6407,-3.8608,2.5446,5.0034,-1.8524,2.5119,3.3793,-4.3825,2.0534,5.0034,-1.7393,2.6016,3.4493,-4.6164,1.5608,5.0034,-1.5988,2.9611,3.7615,-4.5517,1.1060,5.0034,-1.4855,3.6508,4.1946,-4.2048,0.7051,5.0034,-1.4232,4.2963,4.6068,-3.6096,0.4345,5.0034,-1.3870,4.2963,4.6068,-3.6096,0.4345,5.0034,-1.3870,4.2963,4.6068,-3.6096,0.4345,5.0034,-1.3870,4.2963,4.6068,-3.6096,0.4345,5.0034,-1.3870,4.2963,4.6068,-3.6096,0.4345,5.0034,-1.3870,4.2963,4.6068,-3.6096,0.4345,5.0034,-1.3870,4.2963,4.6068,-3.6096,0.4345,5.0034,-1.3870,4.2963,4.6068,-3.6096,0.4345,5.0034,-1.3870,4.2963,4.6068,-3.6096,0.4345,5.0034,-1.3870,4.2963,4.6068,-3.6096,0.4345,5.0034,-1.3870,4.2963,4.6068,-3.6096,0.4345,5.0034,-1.3870,4.2963,4.6068,-3.6096,0.4345,5.0034,-1.3870,4.2963,4.6068,-3.6096,0.4345,5.0034,-1.3870,4.2963,4.6068,-3.6096,0.4345,5.0034,-1.3870,4.2963,4.6068,-3.6096,0.4345,5.0034,-1.3870,4.2963,4.6068,-3.6096,0.4345,5.0034,-1.3870,4.2963,4.6068,-3.6096,0.4345,5.0034,-1.3870,4.2963,4.6068,-3.6096,0.4345,5.0034,-1.3870,4.2963,4.6068,-3.6096,0.4345,5.0034,-1.3870,4.2963,4.6068,-3.6096,0.4345,5.0034,-1.3870,4.2963,4.6068,-3.6096,0.4345,5.0034,-1.3870,4.2963,4.6068,-3.6096,0.4345,5.0034,-1.3870,4.2963,4.6068,-3.6096,0.4345,5.0034,-1.3870,4.2963,4.6068,-3.6096,0.4345,5.0034,-1.3870,4.2963,4.6068,-3.6096,0.4345,5.0034,-1.3870,4.2963,4.6068,-3.6096,0.4345,5.0034,-1.3870,4.2963,4.6068,-3.6096,0.4345,5.0034,-1.3870,4.2963,4.6068,-3.6096,0.4345,5.0034,-1.3870,4.2963,4.6068,-3.6096,0.4345,5.0034,-1.3870,4.2963,4.6068,-3.6096,0.4345,5.0034,-1.3870,4.2963,4.6068,-3.6096,0.4345,5.0034,-1.3870,4.2963,4.6068,-3.6096,0.4345,5.0034,-1.3870,4.2963,4.6068,-3.6096,0.4345,5.0034,-1.3870,4.2963,4.6068,-3.6096,0.4345,5.0034,-1.3870,4.2963,4.6068,-3.6096,0.4345,5.0034,-1.3870,4.2963,4.6068,-3.6096,0.4345,5.0034,-1.3870,4.2963,4.6068,-3.6096,0.4345,5.0034,-1.3870
BAD_LATERAL_RAISE,5.3868,6.3661,-1.9896,2.0983,1.5255,-1.8941,4.6301,6.8327,-1.5757,1.9609,1.4522,-2.0441,3.5336,7.0887,-1.3974,1.8586,1.4820,-2.1261,2.4658,7.0331,-1.6786,1.7970,1.7202,-2.1386,2.2451,6.7693,-1.4171,1.7723,2.1536,-2.1084,2.3767,6.3248,-1.0678,1.7709,2.6252,-2.1137,2.6638,5.6393,-1.3208,1.7434,3.1621,-2.1600,2.9982,4.6421,-1.8849,1.6400,3.7777,-2.1944,3.6586,3.9248,-1.8138,1.4135,4.4847,-2.1822,4.5954,3.3302,-1.5649,1.0405,4.6933,-2.1049,5.7841,2.9641,-1.7288,0.6527,4.2678,-1.9273,6.7184,2.9390,-1.9418,0.2579,3.2417,-1.6504,7.1587,3.2536,-1.7450,-0.1165,2.2988,-1.3343,6.9966,3.7226,-1.2993,-0.4308,1.5875,-1.0857,6.4660,4.2604,-1.2885,-0.6732,0.8807,-0.8384,5.6740,4.6630,-1.4339,-0.7998,0.0067,-0.5935,5.6740,4.6630,-1.4339,-0.7998,0.0067,-0.5935,5.6740,4.6630,-1.4339,-0.7998,0.0067,-0.5935,5.6740,4.6630,-1.4339,-0.7998,0.0067,-0.5935,5.6740,4.6630,-1.4339,-0.7998,0.0067,-0.5935,5.6740,4.6630,-1.4339,-0.7998,0.0067,-0.5935,5.6740,4.6630,-1.4339,-0.7998,0.0067,-0.5935,5.6740,4.6630,-1.4339,-0.7998,0.0067,-0.5935,5.6740,4.6630,-1.4339,-0.7998,0.0067,-0.5935,5.6740,4.6630,-1.4339,-0.7998,0.0067,-0.5935,5.6740,4.6630,-1.4339,-0.7998,0.0067,-0.5935,5.6740,4.6630,-1.4339,-0.7998,0.0067,-0.5935,5.6740,4.6630,-1.4339,-0.7998,0.0067,-0.5935,5.6740,4.6630,-1.4339,-0.7998,0.0067,-0.5935,5.6740,4.6630,-1.4339,-0.7998,0.0067,-0.5935,5.6740,4.6630,-1.4339,-0.7998,0.0067,-0.5935,5.6740,4.6630,-1.4339,-0.7998,0.0067,-0.5935,5.6740,4.6630,-1.4339,-0.7998,0.0067,-0.5935,5.6740,4.6630,-1.4339,-0.7998,0.0067,-0.5935,5.6740,4.6630,-1.4339,-0.7998,0.0067,-0.5935,5.6740,4.6630,-1.4339,-0.7998,0.0067,-0.5935,5.6740,4.6630,-1.4339,-0.7998,0.0067,-0.5935,5.6740,4.6630,-1.4339,-0.7998,0.0067,-0.5935,5.6740,4.6630,-1.4339,-0.7998,0.0067,-0.5935,5.6740,4.6630,-1.4339,-0.7998,0.0067,-0.5935,5.6740,4.6630,-1.4339,-0.7998,0.0067,-0.5935,5.6740,4.6630,-1.4339,-0.7998,0.0067,-0.5935,5.6740,4.6630,-1.4339,-0.7998,0.0067,-0.5935,5.6740,4.6630,-1.4339,-0.7998,0.0067,-0.5935,5.6740,4.6630,-1.4339,-0.7998,0.0067,-0.5935,5.6740,4.6630,-1.4339,-0.7998,0.0067,-0.5935,5.6740,4.6630,-1.4339,-0.7998,0.0067,-0.5935,5.6740,4.6630,-1.4339,-0.7998,0.0067,-0.5935,5.6740,4.6630,-1.4339,-0.7998,0.0067,-0.5935,5.6740,4.6630,-1.4339,-0.7998,0.0067,-0.5935
BAD_LATERAL_RAISE,-2.4084,11.9629,2.3886,4.9398,-1.1281,-0.0782,-2.3898,11.3091,0.6467,5.0034,-0.6096,0.1946,-2.1380,10.5003,-0.6072,5.0034,0.0773,0.4148,-1.9047,9.4181,-1.9226,5.0034,0.8650,0.5493,-1.6923,8.2409,-3.2925,5.0034,1.7744,0.5953,-1.8371,7.0564,-4.3878,5.0034,2.4587,0.5799,-1.7527,5.9635,-4.8323,5.0034,2.9691,0.5592,-1.3262,4.9304,-4.1372,5.0034,3.4056,0.5354,-0.5809,3.9643,-3.0730,5.0022,3.9288,0.4754,0.5611,3.1250,-2.5567,4.9477,4.7747,0.3396,2.0100,2.5268,-2.3420,4.7551,5.0034,0.0786,3.6485,2.3031,-1.8927,4.4008,5.0034,-0.3247,5.1182,2.8564,-1.4177,3.9289,5.0034,-0.9230,6.8471,3.4983,-2.6255,3.2996,5.0034,-1.5681,7.9705,4.2317,-5.3581,2.4647,5.0034,-2.2943,14.8092,12.3075,9.2716,3.1067,5.0034,-2.7648,14.8092,12.3075,9.2716,3.1067,5.0034,-2.7648,14.8092,12.3075,9.2716,3.1067,5.0034,-2.7648,14.8092,12.3075,9.2716,3.1067,5.0034,-2.7648,14.8092,12.3075,9.2716,3.1067,5.0034,-2.7648,14.8092,12.3075,9.2716,3.1067,5.0034,-2.7648,14.8092,12.3075,9.2716,3.1067,5.0034,-2.7648,14.8092,12.3075,9.2716,3.1067,5.0034,-2.7648,14.8092,12.3075,9.2716,3.1067,5.0034,-2.7648,14.8092,12.3075,9.2716,3.1067,5.0034,-2.7648,14.8092,12.3075,9.2716,3.1067,5.0034,-2.7648,14.8092,12.3075,9.2716,3.1067,5.0034,-2.7648,14.8092,12.3075,9.2716,3.1067,5.0034,-2.7648,14.8092,12.3075,9.2716,3.1067,5.0034,-2.7648,14.8092,12.3075,9.2716,3.1067,5.0034,-2.7648,14.8092,12.3075,9.2716,3.1067,5.0034,-2.7648,14.8092,12.3075,9.2716,3.1067,5.0034,-2.7648,14.8092,12.3075,9.2716,3.1067,5.0034,-2.7648,14.8092,12.3075,9.2716,3.1067,5.0034,-2.7648,14.8092,12.3075,9.2716,3.1067,5.0034,-2.7648,14.8092,12.3075,9.2716,3.1067,5.0034,-2.7648,14.8092,12.3075,9.2716,3.1067,5.0034,-2.7648,14.8092,12.3075,9.2716,3.1067,5.0034,-2.7648,14.8092,12.3075,9.2716,3.1067,5.0034,-2.7648,14.8092,12.3075,9.2716,3.1067,5.0034,-2.7648,14.8092,12.3075,9.2716,3.1067,5.0034,-2.7648,14.8092,12.3075,9.2716,3.1067,5.0034,-2.7648,14.8092,12.3075,9.2716,3.1067,5.0034,-2.7648,14.8092,12.3075,9.2716,3.1067,5.0034,-2.7648,14.8092,12.3075,9.2716,3.1067,5.0034,-2.7648,14.8092,12.3075,9.2716,3.1067,5.0034,-2.7648,14.8092,12.3075,9.2716,3.1067,5.0034,-2.7648,14.8092,12.3075,9.2716,3.1067,5.0034,-2.7648,14.8092,12.3075,9.2716,3.1067,5.0034,-2.7648,14.8092,12.3075,9.2716,3.1067,5.0034,-2.7648
BAD_LATERAL_RAISE,1.5912,10.9173,0.8124,2.8402,2.2962,-1.1942,1.1007,10.3543,0.0879,2.7866,3.1377,-1.4543,0.8554,9.4630,-0.8213,2.7571,3.9935,-1.7239,1.0289,8.5448,-1.7719,2.7562,4.8823,-2.0624,1.4841,7.5129,-2.2403,2.7377,5.0034,-2.5129,2.0052,6.8495,-2.1482,2.7477,5.0034,-2.9714,2.3462,6.1089,-2.4532,2.7490,5.0034,-3.4083,2.5771,5.2271,-3.5061,2.6518,5.0034,-3.8042,2.7942,4.2646,-4.8000,2.4315,5.0034,-4.1163,3.2100,3.1621,-5.3049,2.0866,5.0034,-4.3431,3.8782,2.4616,-4.8431,1.6423,5.0034,-4.3999,6.0491,2.0578,-5.2965,1.3543,5.0034,-4.1438,7.0116,1.4572,-7.2323,1.0058,5.0034,-3.6991,6.7669,1.0582,-6.2363,0.6542,5.0028,-3.2429,6.4217,0.8698,-5.1099,0.2373,4.8611,-2.8662,6.1406,0.9284,-5.8439,-0.2285,3.8529,-2.4615,5.7452,1.3190,-6.5719,-0.5325,2.1057,-2.0159,5.4006,1.9759,-6.2243,-0.7144,0.7057,-1.6193,5.5484,2.3055,-5.5543,-0.8326,0.1335,-1.3444,6.3051,2.5220,-4.9508,-0.8812,-0.0606,-1.2460,7.1240,2.5729,-4.3872,-0.8784,-0.6513,-1.1755,7.3597,2.6698,-3.6580,-0.8549,-1.6936,-1.0153,6.4457,2.7488,-2.6064,-0.8612,-2.8333,-0.7057,4.2927,2.8104,-2.1703,-0.8740,-3.8074,-0.3480,2.2074,2.8445,-2.0399,-0.8775,-4.3582,0.0351,0.4899,2.9486,-1.9214,-0.8783,-4.6577,0.3755,-0.8584,3.0951,-1.4925,-0.8627,-4.8060,0.6820,-1.5775,3.2991,-0.9332,-0.8021,-4.8481,0.8862,-1.4967,3.4451,-0.7412,-0.6875,-4.7425,1.0957,-1.1575,3.5922,-0.9159,-0.5647,-4.3197,1.2836,-0.3715,3.6503,-1.2718,-0.4936,-3.5094,1.4047,0.3284,3.5222,-1.5685,-0.4548,-2.3425,1.4377,0.8465,3.2662,-1.8150,-0.4271,-0.7549,1.4206,1.1509,3.0413,-2.1823,-0.4276,0.7814,1.4303,1.4267,2.8642,-2.8917,-0.4459,2.2232,1.4789,1.7414,2.7948,-3.4510,-0.4852,3.4376,1.5679,2.2391,2.9396,-3.8782,-0.5571,4.4789,1.6981,2.8175,3.3529,-4.0295,-0.6293,5.0034,1.8740,4.9884,4.1492,-2.8062,-0.5967,4.9998,2.0956,7.3651,4.9944,-4.2185,-0.4719,2.7523,2.5041,7.3651,4.9944,-4.2185,-0.4719,2.7523,2.5041,7.3651,4.9944,-4.2185,-0.4719,2.7523,2.5041,7.3651,4.9944,-4.2185,-0.4719,2.7523,2.5041,7.3651,4.9944,-4.2185,-0.4719,2.7523,2.5041,7.3651,4.9944,-4.2185,-0.4719,2.7523,2.5041,7.3651,4.9944,-4.2185,-0.4719,2.7523,2.5041,7.3651,4.9944,-4.2185,-0.4719,2.7523,2.5041,7.3651,4.9944,-4.2185,-0.4719,2.7523,2.5041,7.3651,4.9944,-4.2185,-0.4719,2.7523,2.5041,7.3651,4.9944,-4.2185,-0.4719,2.7523,2.5041
BAD_LATERAL_RAISE,3.4570,5.8899,-0.6568,2.1058,4.2250,-2.4645,3.0861,5.4497,-1.2598,1.9494,4.1084,-2.4227,3.0263,4.9771,-1.8054,1.7281,3.9619,-2.3552,3.3003,4.6463,-2.1141,1.5638,3.9434,-2.3149,3.7119,4.3783,-2.6333,1.4319,4.0972,-2.3291,4.3280,4.0199,-3.2261,1.2984,4.4025,-2.3923,4.9310,3.7968,-3.5533,1.1345,4.6536,-2.4766,5.5908,3.6700,-3.4935,0.9827,4.7272,-2.5392,6.1932,3.5797,-3.0538,0.8285,4.5499,-2.5349,6.8656,3.4319,-2.6453,0.6706,4.1491,-2.4424,7.0116,3.3428,-2.0985,0.4940,3.5951,-2.2827,6.9494,3.3266,-1.6828,0.3047,3.0847,-2.0869,6.5121,3.3589,-1.4447,0.1443,2.5527,-1.8584,5.7541,3.4265,-1.3478,0.0168,2.0015,-1.5957,4.8191,3.5509,-1.0475,-0.0521,1.4548,-1.3566,3.9595,3.5169,-0.7370,-0.0681,1.1173,-1.1383,3.2524,3.3380,-0.6239,-0.0078,0.9340,-0.9224,2.7960,3.0006,-0.6903,0.0924,0.8612,-0.7237,2.5214,2.5801,-0.8028,0.1507,0.8737,-0.5145,2.5412,2.2552,-1.0851,0.1417,0.9316,-0.3257,2.6082,1.9992,-1.4381,0.0527,0.9841,-0.1161,2.7176,1.9220,-1.8449,-0.0932,0.9655,0.1237,2.9462,2.0148,-2.0662,-0.2472,0.8480,0.4169,3.3386,2.3043,-1.8778,-0.3870,0.6741,0.6788,3.6263,2.7015,-1.5739,-0.4713,0.5273,0.9009,3.8405,3.0808,-1.3430,-0.4659,0.4103,1.0907,4.0044,3.4259,-1.2012,-0.3677,0.2998,1.2546,4.0624,3.6580,-1.3328,-0.2155,0.1872,1.4212,3.9709,3.7478,-1.6923,-0.0480,0.0901,1.5536,3.7735,3.7214,-2.2839,0.0750,0.0722,1.6872,3.5498,3.6359,-3.0096,0.1309,0.1124,1.8401,3.3799,3.5731,-3.4516,0.1332,0.1764,2.0226,3.3954,3.6503,-3.5372,0.0567,0.2781,2.1797,3.6269,3.8716,-3.2524,-0.0713,0.4349,2.3156,4.0415,4.3047,-2.7392,-0.1785,0.6703,2.4224,4.5117,4.9149,-2.3414,-0.2373,0.9507,2.5082,4.5117,4.9149,-2.3414,-0.2373,0.9507,2.5082,4.5117,4.9149,-2.3414,-0.2373,0.9507,2.5082,4.5117,4.9149,-2.3414,-0.2373,0.9507,2.5082,4.5117,4.9149,-2.3414,-0.2373,0.9507,2.5082,4.5117,4.9149,-2.3414,-0.2373,0.9507,2.5082,4.5117,4.9149,-2.3414,-0.2373,0.9507,2.5082,4.5117,4.9149,-2.3414,-0.2373,0.9507,2.5082,4.5117,4.9149,-2.3414,-0.2373,0.9507,2.5082,4.5117,4.9149,-2.3414,-0.2373,0.9507,2.5082,4.5117,4.9149,-2.3414,-0.2373,0.9507,2.5082,4.5117,4.9149,-2.3414,-0.2373,0.9507,2.5082,4.5117,4.9149,-2.3414,-0.2373,0.9507,2.5082,4.5117,4.9149,-2.3414,-0.2373,0.9507,2.5082,4.5117,4.9149,-2.3414,-0.2373,0.9507,2.5082
BAD_LATERAL_RAISE,2.3731,7.8903,-0.2824,3.5109,4.3283,-2.3921,2.5202,7.1719,-0.7579,3.3924,4.5450,-2.4939,2.5047,6.4409,-1.2401,3.2678,4.7379,-2.5724,2.6022,5.9145,-1.4363,3.1423,4.8480,-2.6147,2.7236,5.3617,-1.7318,3.0210,4.9010,-2.6360,2.9378,4.8861,-1.8592,2.8815,4.9138,-2.6351,3.2429,4.4004,-2.1966,2.7306,4.8251,-2.6228,3.2853,3.8429,-2.5591,2.4917,4.6699,-2.5927,3.4642,3.5336,-2.3121,2.2782,4.5470,-2.5389,3.6389,3.2871,-2.4018,2.0856,4.5302,-2.4861,3.7137,3.1113,-2.5962,1.9074,4.6252,-2.4334,3.8207,3.0359,-2.8229,1.7257,4.6927,-2.3807,3.8321,2.9091,-2.9922,1.5814,4.6455,-2.3059,3.8985,2.7667,-2.9581,1.4536,4.4856,-2.1936,4.0014,2.5184,-2.4766,1.3474,4.2533,-2.0362,4.0289,2.1876,-2.1978,1.2879,4.0123,-1.8729,4.0307,1.7426,-2.1870,1.2533,3.7947,-1.6927,4.0977,1.3059,-2.1571,1.1968,3.5233,-1.4875,4.1103,0.8662,-2.1123,1.0991,3.1921,-1.2315,4.0923,0.5665,-2.2630,0.9563,2.8191,-0.9748,4.0684,0.4558,-2.3444,0.7474,2.5091,-0.6894,4.0780,0.6114,-2.2905,0.5502,2.2335,-0.3977,4.1761,0.9715,-2.0830,0.3804,1.9726,-0.0806,4.2568,1.5099,-1.9531,0.2668,1.7090,0.1694,4.2724,2.0076,-1.9089,0.2263,1.3940,0.4250,4.3370,2.4197,-1.7527,0.2514,1.0876,0.6765,4.4195,2.7404,-1.7396,0.3176,0.7975,0.9079,4.3322,2.9587,-2.0578,0.4003,0.5438,1.1551,4.2215,3.0365,-2.4138,0.4626,0.2999,1.3818,4.2437,3.0634,-2.4616,0.4887,0.1361,1.5912,4.3101,3.1496,-2.4473,0.4778,0.0577,1.7700,4.2634,3.0700,-2.5771,0.4537,0.0622,1.9267,4.1856,3.3111,-2.7829,0.4391,0.0962,2.1112,4.1809,3.4164,-3.0305,0.4362,0.0797,2.2778,4.0899,3.5414,-3.4319,0.4160,0.0287,2.4580,3.8836,3.7549,-4.0295,0.3557,-0.0061,2.6316,3.6885,4.1133,-4.2018,0.2604,-0.0110,2.8379,4.2245,4.7294,-3.7986,0.0791,0.0550,3.0116,4.2245,4.7294,-3.7986,0.0791,0.0550,3.0116,4.2245,4.7294,-3.7986,0.0791,0.0550,3.0116,4.2245,4.7294,-3.7986,0.0791,0.0550,3.0116,4.2245,4.7294,-3.7986,0.0791,0.0550,3.0116,4.2245,4.7294,-3.7986,0.0791,0.0550,3.0116,4.2245,4.7294,-3.7986,0.0791,0.0550,3.0116,4.2245,4.7294,-3.7986,0.0791,0.0550,3.0116,4.2245,4.7294,-3.7986,0.0791,0.0550,3.0116,4.2245,4.7294,-3.7986,0.0791,0.0550,3.0116,4.2245,4.7294,-3.7986,0.0791,0.0550,3.0116,4.2245,4.7294,-3.7986,0.0791,0.0550,3.0116,4.2245,4.7294,-3.7986,0.0791,0.0550,3.0116
BAD_LATERAL_RAISE,5.9701,4.2957,-4.3675,0.6015,2.9012,-2.8657,5.8630,4.4913,-3.8949,0.4326,2.3932,-2.8028,5.7081,4.5165,-3.3194,0.3410,2.0925,-2.7701,5.5771,4.5254,-2.6207,0.3016,1.9807,-2.7216,5.6471,4.5188,-1.9448,0.2923,1.8721,-2.6455,5.8516,4.4680,-1.3244,0.2845,1.6041,-2.5270,5.9204,4.2407,-0.8716,0.2703,1.2162,-2.3700,5.5184,3.8734,-0.7609,0.2489,0.7671,-2.1831,4.8933,3.5390,-0.7316,0.2005,0.3975,-1.9529,4.1515,3.2381,-0.5539,0.1600,0.0565,-1.6984,3.3631,2.9880,-0.3440,0.1235,-0.1964,-1.3937,2.5968,2.6955,-0.6455,0.1226,-0.3499,-1.1603,1.8742,2.4802,-0.5157,0.1200,-0.3105,-0.9076,1.6116,2.2510,-0.1938,0.1486,-0.1926,-0.6480,1.6098,1.9615,-0.1149,0.1891,0.0157,-0.4328,1.5852,1.6433,-0.4433,0.2373,0.3079,-0.2262,1.5835,1.3890,-0.9212,0.2553,0.6810,-0.0296,1.6439,1.1976,-1.3184,0.2361,1.0102,0.1802,1.6786,1.0337,-1.7163,0.1787,1.2518,0.4140,1.7701,0.9727,-2.2086,0.1048,1.3108,0.6721,2.1721,1.0481,-2.4084,0.0206,1.1493,0.9858,2.8534,1.3579,-2.3037,-0.0899,1.0347,1.2569,3.7454,1.8000,-2.4473,-0.1660,0.9867,1.4707,4.7486,2.3677,-2.9378,-0.2130,0.9830,1.6356,6.2022,3.0317,-2.9940,-0.2246,0.8086,1.8025,7.6469,3.9206,-2.5184,-0.1510,0.1200,1.9485,8.1918,4.4112,-3.2937,0.0269,-0.7242,2.0785,7.7862,4.4166,-3.7627,0.0541,-1.2749,2.1768,7.0576,4.4363,-3.0120,0.0038,-1.6710,2.2985,6.0730,4.5039,-2.3904,-0.1179,-1.9236,2.4202,6.0730,4.5039,-2.3904,-0.1179,-1.9236,2.4202,6.0730,4.5039,-2.3904,-0.1179,-1.9236,2.4202,6.0730,4.5039,-2.3904,-0.1179,-1.9236,2.4202,6.0730,4.5039,-2.3904,-0.1179,-1.9236,2.4202,6.0730,4.5039,-2.3904,-0.1179,-1.9236,2.4202,6.0730,4.5039,-2.3904,-0.1179,-1.9236,2.4202,6.0730,4.5039,-2.3904,-0.1179,-1.9236,2.4202,6.0730,4.5039,-2.3904,-0.1179,-1.9236,2.4202,6.0730,4.5039,-2.3904,-0.1179,-1.9236,2.4202,6.0730,4.5039,-2.3904,-0.1179,-1.9236,2.4202,6.0730,4.5039,-2.3904,-0.1179,-1.9236,2.4202,6.0730,4.5039,-2.3904,-0.1179,-1.9236,2.4202,6.0730,4.5039,-2.3904,-0.1179,-1.9236,2.4202,6.0730,4.5039,-2.3904,-0.1179,-1.9236,2.4202,6.0730,4.5039,-2.3904,-0.1179,-1.9236,2.4202,6.0730,4.5039,-2.3904,-0.1179,-1.9236,2.4202,6.0730,4.5039,-2.3904,-0.1179,-1.9236,2.4202,6.0730,4.5039,-2.3904,-0.1179,-1.9236,2.4202,6.0730,4.5039,-2.3904,-0.1179,-1.9236,2.4202,6.0730,4.5039,-2.3904,-0.1179,-1.9236,2.4202
BAD_LATERAL_RAISE,2.8648,6.5581,-2.6949,3.3642,4.2489,-2.6739,2.7577,5.9509,-3.1771,3.1195,4.1010,-2.5997,2.8038,5.3348,-3.5366,2.8483,4.1027,-2.5391,3.0730,4.9603,-3.3523,2.6556,4.1776,-2.5128,3.6616,4.7509,-3.0024,2.5061,4.2646,-2.5152,3.8710,4.4925,-2.8235,2.3595,4.3678,-2.5507,4.2281,4.3531,-2.6357,2.2181,4.4207,-2.5827,4.5655,4.0887,-2.6740,2.0777,4.4109,-2.5833,4.7533,3.7460,-2.7523,1.9067,4.2883,-2.5342,4.9328,3.3811,-2.6189,1.7167,3.9763,-2.4123,4.9083,3.0347,-2.4987,1.5023,3.6130,-2.2518,4.8090,2.7505,-2.2355,1.3042,3.2321,-2.0696,4.6642,2.6201,-1.7527,1.1190,2.8824,-1.8734,4.3089,2.5980,-1.4363,0.9488,2.5928,-1.6596,4.1850,2.6399,-1.2724,0.8112,2.3454,-1.4733,3.8680,2.7075,-1.2694,0.6939,2.1693,-1.2821,3.5420,2.7392,-1.2084,0.6061,1.9960,-1.0861,3.2064,2.7206,-1.2855,0.5450,1.8184,-0.8598,2.7739,2.6632,-1.3807,0.4927,1.6371,-0.6264,2.5029,2.5232,-1.4333,0.4665,1.4974,-0.3729,2.4287,2.3671,-1.4363,0.4236,1.3790,-0.1092,2.4407,2.1404,-1.5517,0.3803,1.3204,0.1767,2.5244,1.9645,-1.7067,0.3161,1.3244,0.3955,2.8415,1.9908,-1.8712,0.1688,1.3833,0.6220,3.1866,2.1308,-1.9723,0.0785,1.4635,0.8424,3.5611,2.4299,-2.1852,-0.0437,1.5159,1.0548,4.0062,2.9043,-2.0100,-0.1469,1.4736,1.2883,4.5051,3.3476,-1.6594,-0.1852,1.3056,1.4926,4.8449,3.7597,-1.3621,-0.1590,1.1217,1.6848,5.1936,4.1940,-1.2598,-0.0521,0.9294,1.8891,5.4407,4.2945,-1.6235,0.0638,0.7243,2.1104,5.4520,4.2772,-2.0411,0.1436,0.5160,2.2382,5.3324,4.2808,-2.3210,0.1700,0.4670,2.3787,5.2780,4.4094,-2.6596,0.1300,0.4878,2.5246,5.3234,4.6505,-3.1232,0.0643,0.5922,2.6582,5.3234,4.6505,-3.1232,0.0643,0.5922,2.6582,5.3234,4.6505,-3.1232,0.0643,0.5922,2.6582,5.3234,4.6505,-3.1232,0.0643,0.5922,2.6582,5.3234,4.6505,-3.1232,0.0643,0.5922,2.6582,5.3234,4.6505,-3.1232,0.0643,0.5922,2.6582,5.3234,4.6505,-3.1232,0.0643,0.5922,2.6582,5.3234,4.6505,-3.1232,0.0643,0.5922,2.6582,5.3234,4.6505,-3.1232,0.0643,0.5922,2.6582,5.3234,4.6505,-3.1232,0.0643,0.5922,2.6582,5.3234,4.6505,-3.1232,0.0643,0.5922,2.6582,5.3234,4.6505,-3.1232,0.0643,0.5922,2.6582,5.3234,4.6505,-3.1232,0.0643,0.5922,2.6582,5.3234,4.6505,-3.1232,0.0643,0.5922,2.6582,5.3234,4.6505,-3.1232,0.0643,0.5922,2.6582,5.3234,4.6505,-3.1232,0.0643,0.5922,2.6582
BAD_LATERAL_RAISE,3.3075,7.3843,-0.5049,2.7167,3.1453,-2.6082,2.9539,6.9446,-1.0235,2.6513,3.6194,-2.6217,2.7667,6.4511,-1.7958,2.5230,3.8437,-2.5757,2.8540,6.0443,-2.0303,2.3642,3.8911,-2.5184,2.9318,5.5801,-2.4532,2.2126,3.8492,-2.4760,3.1077,5.0590,-2.8708,2.0575,3.8477,-2.4358,3.4349,4.6534,-3.1639,1.9519,3.9260,-2.4115,3.8327,4.1635,-3.4289,1.8934,4.0163,-2.3923,4.4327,3.7107,-3.5665,1.8341,4.0636,-2.3776,5.3043,3.2064,-3.7083,1.7132,4.0375,-2.3555,6.0257,2.8373,-3.5492,1.5165,3.9088,-2.3106,6.9320,2.6381,-3.0096,1.2176,3.6204,-2.2187,7.6511,2.6626,-2.2552,0.9132,3.1334,-2.0672,7.9950,2.9593,-1.3944,0.6084,2.5818,-1.8392,7.7683,3.4768,-0.9434,0.3645,1.9577,-1.6373,7.0493,3.8010,-0.7831,0.2298,1.3586,-1.3986,5.9629,3.7723,-0.6449,0.1921,0.7931,-1.1756,4.6786,3.5934,-0.3165,0.1710,0.3969,-0.9441,3.3882,3.2943,-0.1699,0.1623,0.1542,-0.6686,2.5513,2.9127,-0.2901,0.1413,0.0357,-0.4481,1.9358,2.5890,-0.2788,0.0628,0.0799,-0.1973,1.7127,2.4191,-0.1842,-0.0638,0.2164,0.0556,1.7982,2.4311,0.0963,-0.2152,0.4114,0.2976,2.1021,2.6692,0.3236,-0.3497,0.6431,0.5139,2.6465,3.0221,0.3565,-0.3994,0.7518,0.7297,3.3476,3.3039,0.1472,-0.3590,0.7083,0.9446,3.9458,3.4911,-0.1597,-0.2749,0.5203,1.1446,4.4201,3.5743,-0.5145,-0.1755,0.2842,1.3500,4.5960,3.5486,-1.0403,-0.0849,0.1370,1.5291,4.4106,3.5186,-1.7785,-0.0421,-0.0017,1.7315,4.2347,3.4397,-2.4909,-0.0735,-0.1376,1.9554,4.2748,3.5121,-2.7535,-0.1645,-0.2268,2.1927,4.1994,3.7382,-2.6064,-0.3042,-0.2057,2.3535,4.3687,4.1749,-2.3312,-0.4775,-0.0498,2.4632,4.5123,4.7378,-2.0148,-0.5825,0.1649,2.5415,4.5123,4.7378,-2.0148,-0.5825,0.1649,2.5415,4.5123,4.7378,-2.0148,-0.5825,0.1649,2.5415,4.5123,4.7378,-2.0148,-0.5825,0.1649,2.5415,4.5123,4.7378,-2.0148,-0.5825,0.1649,2.5415,4.5123,4.7378,-2.0148,-0.5825,0.1649,2.5415,4.5123,4.7378,-2.0148,-0.5825,0.1649,2.5415,4.5123,4.7378,-2.0148,-0.5825,0.1649,2.5415,4.5123,4.7378,-2.0148,-0.5825,0.1649,2.5415,4.5123,4.7378,-2.0148,-0.5825,0.1649,2.5415,4.5123,4.7378,-2.0148,-0.5825,0.1649,2.5415,4.5123,4.7378,-2.0148,-0.5825,0.1649,2.5415,4.5123,4.7378,-2.0148,-0.5825,0.1649,2.5415,4.5123,4.7378,-2.0148,-0.5825,0.1649,2.5415,4.5123,4.7378,-2.0148,-0.5825,0.1649,2.5415,4.5123,4.7378,-2.0148,-0.5825,0.1649,2.5415
BAD_LATERAL_RAISE,3.7340,7.8999,-0.5569,3.2301,2.0963,-3.1854,3.6120,7.4142,-0.8662,3.1768,2.1318,-3.2075,3.3799,7.0397,-1.1324,3.0934,2.1243,-3.1989,3.0449,6.6239,-1.4405,3.0223,2.0585,-3.1528,2.4311,6.1059,-1.7180,2.9383,2.0020,-3.0678,2.0261,5.4820,-1.8646,2.8427,1.9998,-2.9767,1.6277,4.8425,-1.7994,2.7767,2.0632,-2.9004,1.3364,4.1504,-1.9083,2.7324,2.2051,-2.8566,1.1145,3.5037,-2.1679,2.6735,2.4118,-2.8202,0.9673,3.0670,-2.4371,2.6060,2.6684,-2.7996,0.9111,2.7380,-2.9282,2.5096,2.8755,-2.7446,0.9858,2.5077,-3.2728,2.3497,3.0679,-2.6640,1.2245,2.3486,-3.2806,2.1367,3.2773,-2.5606,1.6092,2.1523,-3.3015,1.9001,3.5908,-2.4653,2.1087,1.9615,-3.2219,1.6507,3.9754,-2.3772,2.6584,1.7641,-2.8534,1.4545,4.4408,-2.3014,3.1974,1.4076,-2.7494,1.2778,4.9243,-2.1941,3.9577,1.3585,-2.5675,1.1029,5.0034,-2.1334,4.9926,1.4710,-2.3677,0.9093,5.0034,-1.9732,6.2339,1.5649,-2.5932,0.7463,4.1362,-1.6622,6.6742,1.5751,-2.8026,0.6092,2.6927,-1.2842,6.4786,1.5500,-1.8688,0.5018,2.0473,-0.9004,5.8780,1.4171,-1.3807,0.4300,1.7972,-0.6003,5.1266,1.3472,-1.5763,0.3806,1.3224,-0.2915,4.3161,1.3125,-1.5141,0.3377,0.6266,0.0564,3.5378,1.2670,-1.1898,0.2999,0.1211,0.4621,2.8666,1.2054,-1.1797,0.2637,-0.0199,0.8057,2.6142,1.1838,-1.1838,0.2095,0.1115,1.1104,2.6530,1.2742,-1.0522,0.1475,0.3361,1.3635,2.9306,1.4943,-1.0899,0.0935,0.5794,1.5789,3.3272,1.7725,-1.4459,0.0608,0.8019,1.8042,3.8381,2.0518,-1.8012,0.0600,0.9380,1.9992,4.3585,2.4096,-2.1212,0.0841,0.9332,2.2019,4.8257,2.7942,-2.6650,0.1124,0.8525,2.4093,5.3605,3.2830,-3.3212,0.1197,0.7746,2.6228,6.1705,3.7765,-3.5833,0.1028,0.7214,2.7645,7.0002,4.3789,-3.5366,0.1005,0.7022,2.8746,8.0088,5.2050,-3.2064,0.1897,0.5999,2.9467,8.0088,5.2050,-3.2064,0.1897,0.5999,2.9467,8.0088,5.2050,-3.2064,0.1897,0.5999,2.9467,8.0088,5.2050,-3.2064,0.1897,0.5999,2.9467,8.0088,5.2050,-3.2064,0.1897,0.5999,2.9467,8.0088,5.2050,-3.2064,0.1897,0.5999,2.9467,8.0088,5.2050,-3.2064,0.1897,0.5999,2.9467,8.0088,5.2050,-3.2064,0.1897,0.5999,2.9467,8.0088,5.2050,-3.2064,0.1897,0.5999,2.9467,8.0088,5.2050,-3.2064,0.1897,0.5999,2.9467,8.0088,5.2050,-3.2064,0.1897,0.5999,2.9467,8.0088,5.2050,-3.2064,0.1897,0.5999,2.9467,8.0088,5.2050,-3.2064,0.1897,0.5999,2.9467
BAD_LATERAL_RAISE,0.9111,6.1807,-0.1771,3.6246,0.3661,-0.8911,0.7077,5.8457,-0.2369,3.6829,0.6202,-0.7869,0.6532,5.5902,-0.4684,3.7582,1.0646,-0.7434,0.7226,5.3581,-0.9314,3.8129,1.6748,-0.7317,0.9852,5.0554,-1.2957,3.8477,2.5110,-0.7695,1.3507,4.9352,-1.2383,3.8935,3.2952,-0.8685,1.5709,4.6397,-1.5494,3.9337,4.0083,-1.0050,1.7091,4.2395,-1.9567,3.9253,4.6117,-1.1367,1.7940,3.6712,-2.5125,3.8886,4.9920,-1.2474,1.7797,3.0538,-3.0168,3.7805,5.0034,-1.2888,2.0058,2.4808,-3.1848,3.6041,5.0034,-1.2946,2.2762,1.8778,-3.4104,3.4005,5.0034,-1.2961,2.7147,1.1964,-3.7071,3.1580,5.0034,-1.3034,3.4570,0.4349,-4.0403,2.8608,5.0034,-1.2764,4.0845,-0.1226,-4.1964,2.4844,5.0022,-1.1839,4.6840,-0.4289,-4.1408,2.1673,4.9013,-1.0214,5.4126,-0.3984,-3.7107,1.8575,4.7110,-0.7957,6.3511,-0.0311,-3.2506,1.5612,4.3721,-0.5188,6.9362,0.4044,-2.8702,1.2611,3.8750,-0.2662,7.3328,0.8782,-2.3480,1.0670,3.2762,-0.0147,7.4124,1.2921,-1.6259,0.9183,2.6921,0.2524,7.1049,1.5631,-1.2191,0.8265,2.1980,0.5623,6.5294,1.7001,-1.0516,0.7540,1.7045,0.8489,5.8259,1.8395,-0.8584,0.6695,1.2982,1.1539,5.0405,2.0160,-0.7472,0.5873,1.0066,1.4581,4.2712,2.3312,-0.6275,0.5026,0.8647,1.7975,3.5677,2.8092,-0.7196,0.4433,0.9366,2.0858,3.1214,3.2746,-0.9661,0.4004,1.0806,2.3844,2.9707,3.8213,-1.1091,0.3645,1.3149,2.6678,3.1950,4.4608,-1.0164,0.3491,1.5976,2.9294,3.7208,5.2086,-1.1474,0.3812,1.9134,3.1424,3.7208,5.2086,-1.1474,0.3812,1.9134,3.1424,3.7208,5.2086,-1.1474,0.3812,1.9134,3.1424,3.7208,5.2086,-1.1474,0.3812,1.9134,3.1424,3.7208,5.2086,-1.1474,0.3812,1.9134,3.1424,3.7208,5.2086,-1.1474,0.3812,1.9134,3.1424,3.7208,5.2086,-1.1474,0.3812,1.9134,3.1424,3.7208,5.2086,-1.1474,0.3812,1.9134,3.1424,3.7208,5.2086,-1.1474,0.3812,1.9134,3.1424,3.7208,5.2086,-1.1474,0.3812,1.9134,3.1424,3.7208,5.2086,-1.1474,0.3812,1.9134,3.1424,3.7208,5.2086,-1.1474,0.3812,1.9134,3.1424,3.7208,5.2086,-1.1474,0.3812,1.9134,3.1424,3.7208,5.2086,-1.1474,0.3812,1.9134,3.1424,3.7208,5.2086,-1.1474,0.3812,1.9134,3.1424,3.7208,5.2086,-1.1474,0.3812,1.9134,3.1424,3.7208,5.2086,-1.1474,0.3812,1.9134,3.1424,3.7208,5.2086,-1.1474,0.3812,1.9134,3.1424,3.7208,5.2086,-1.1474,0.3812,1.9134,3.1424,3.7208,5.2086,-1.1474,0.3812,1.9134,3.1424
BAD_LATERAL_RAISE,3.6586,4.6540,-0.9338,-0.5809,-0.4105,-1.8002,3.3817,4.5356,-0.9553,-0.6307,-0.6608,-1.6321,3.1268,4.3980,-0.9350,-0.6706,-0.8749,-1.4433,2.9731,4.2802,-0.8518,-0.7002,-1.0502,-1.2517,2.8199,4.1480,-0.8333,-0.7236,-1.1548,-1.0789,2.6363,4.0989,-0.8656,-0.7388,-1.2133,-0.9056,2.4610,4.0792,-0.9069,-0.7608,-1.2552,-0.7660,2.2116,4.0056,-0.9553,-0.7915,-1.2449,-0.6203,1.9436,3.7609,-1.0146,-0.8137,-1.1706,-0.4731,1.7342,3.3482,-1.0887,-0.8493,-1.0333,-0.2802,1.5697,3.0275,-1.1515,-0.9198,-0.8354,-0.0863,1.5200,2.9779,-1.3196,-1.0305,-0.6368,0.1155,1.5553,3.1268,-1.2538,-1.1512,-0.4546,0.3276,1.7216,3.4845,-1.1815,-1.2645,-0.2954,0.5718,1.9669,3.9488,-0.7944,-1.3331,-0.1326,0.7364,2.2217,4.3238,-0.4008,-1.3483,0.0212,0.8922,2.4132,4.5470,-0.0682,-1.3150,0.2230,1.0188,2.4132,4.5470,-0.0682,-1.3150,0.2230,1.0188,2.4132,4.5470,-0.0682,-1.3150,0.2230,1.0188,2.4132,4.5470,-0.0682,-1.3150,0.2230,1.0188,2.4132,4.5470,-0.0682,-1.3150,0.2230,1.0188,2.4132,4.5470,-0.0682,-1.3150,0.2230,1.0188,2.4132,4.5470,-0.0682,-1.3150,0.2230,1.0188,2.4132,4.5470,-0.0682,-1.3150,0.2230,1.0188,2.4132,4.5470,-0.0682,-1.3150,0.2230,1.0188,2.4132,4.5470,-0.0682,-1.3150,0.2230,1.0188,2.4132,4.5470,-0.0682,-1.3150,0.2230,1.0188,2.4132,4.5470,-0.0682,-1.3150,0.2230,1.0188,2.4132,4.5470,-0.0682,-1.3150,0.2230,1.0188,2.4132,4.5470,-0.0682,-1.3150,0.2230,1.0188,2.4132,4.5470,-0.0682,-1.3150,0.2230,1.0188,2.4132,4.5470,-0.0682,-1.3150,0.2230,1.0188,2.4132,4.5470,-0.0682,-1.3150,0.2230,1.0188,2.4132,4.5470,-0.0682,-1.3150,0.2230,1.0188,2.4132,4.5470,-0.0682,-1.3150,0.2230,1.0188,2.4132,4.5470,-0.0682,-1.3150,0.2230,1.0188,2.4132,4.5470,-0.0682,-1.3150,0.2230,1.0188,2.4132,4.5470,-0.0682,-1.3150,0.2230,1.0188,2.4132,4.5470,-0.0682,-1.3150,0.2230,1.0188,2.4132,4.5470,-0.0682,-1.3150,0.2230,1.0188,2.4132,4.5470,-0.0682,-1.3150,0.2230,1.0188,2.4132,4.5470,-0.0682,-1.3150,0.2230,1.0188,2.4132,4.5470,-0.0682,-1.3150,0.2230,1.0188,2.4132,4.5470,-0.0682,-1.3150,0.2230,1.0188,2.4132,4.5470,-0.0682,-1.3150,0.2230,1.0188,2.4132,4.5470,-0.0682,-1.3150,0.2230,1.0188,2.4132,4.5470,-0.0682,-1.3150,0.2230,1.0188,2.4132,4.5470,-0.0682,-1.3150,0.2230,1.0188,2.4132,4.5470,-0.0682,-1.3150,0.2230,1.0188,2.4132,4.5470,-0.0682,-1.3150,0.2230,1.0188
